# 稀疏实验（2026-10-04，M6 Mac18,5 / M4 Mac16,10，macOS 27.0.1，ANECompiler 10.26.6）。
# 工具：tools/05_compute/sparse_gen.py（模型）、sparse.sh（测量）、sparse_fit.py（分析）、sparse_err.py（ANE 与 CPU 输出对比）、
#       hwx_kern.py（HWX 权重段大小）、tools/common/bondrun.m（BONDRUN_FILL、计时窗口）。
# 原始数据：m6_v1 / m4_v1（第一轮）、m6_v2 / m4_v2（第二轮，两轮交替、偶数轮倒序）。kdebug 原始记录每份 8–17 MB，不入库。
# 复算：python3 tools/05_compute/sparse_fit.py data/05_compute/sparse/<目录> <trace.txt[.gz]>
#
# 读法：
# - 每层 µs 取最少、最多两种层数的斜率。M6 用"驱动提交 → 固件任务结束"的中位数（kdebug 61b01a9 → 61b0126）；
#   M4 的 kdebug 没有固件任务事件，用 bondrun 调用耗时中位数。
# - M6 "每层(任务)"为任务时长（61b0125 → 61b0126）平均值的斜率。第一轮部分 c1x1 剪枝运行里 61b0125 只记到 0–40%
#   （结束事件齐全，原因未查明），此列为空；c3x3 任务时长有长尾，平均值比中位数大 5–25%。
# - 有效 TFLOPS 按稠密乘加数算（m2048 1.34 亿、c1x1 3355 万、c3x3 6.04 亿次 / 层）。
# - M6 第二轮用 KERN=0 跳过了 anecc，KERN 列为空；同名模型的大小见 m6_v1 / m4_v2 的 kern_all.txt（共享权重的 c1x1 各层数相同）。
# - 第一轮的 r75 / r90（逐层不同偏置）作废：编译器因此每层各存一份权重（c1x1 L32 16.8 MB、c3x3 L32 146–151 MB），
#   混入读权重时间。第二轮改为固定掩码（z00–z90、zch），掩码模型在 c3x3 上 KERN 为 9.44 MB（两份，仍各层共享）。
# - 第一轮 c3x3 各输入相差约 13%，第二轮两遍交替显示是先后顺序带来的漂移（±6% 以内、方向不定），不是数据效应。

######## m6_v1
                        运行  KERN MB    调用 µs    任务/调用    开始/结束        引擎     提交→完成     任务µs  SOC-NI    DCS
        c1x1_fp16_L16@rand     0.52    277.2     1.00     1.00      ANE0      80.1     58.2       7      5
        c1x1_fp16_L32@rand     0.52    303.4     1.00     1.00      ANE0     134.6    112.5       5      3
        c1x1_ch50_L16@rand     0.54    278.7     1.00     1.00      ANE0      80.0     58.1       7      5
        c1x1_ch50_L32@rand     0.54    303.1     1.00     1.00      ANE0     134.7    112.6       5      3
         c1x1_lin_L16@rand     0.52    278.8     1.00     1.00      ANE0      81.2     59.1       5      3
         c1x1_lin_L32@rand     0.52    290.5     1.00     1.00      ANE0     138.3    116.2       5      3
        c1x1_nm24_L16@rand     0.31    259.4     1.00     0.42      ANE0      60.6      nan       4      2
        c1x1_nm24_L32@rand     0.31    284.3     1.00     1.00      ANE0      96.8     74.8       4      2
        c1x1_nm34_L16@rand     0.18    235.6     1.00     0.00     ANE0?      47.4      nan       4      2
        c1x1_nm34_L32@rand     0.18    276.5     1.00     1.00 ANE0+ANE1      70.2     48.6       4      2
         c1x1_r75_L16@rand     8.39    277.8     1.00     1.00      ANE0      81.0     59.6      29     29
         c1x1_r75_L32@rand    16.78    301.2     1.00     1.00      ANE0     135.6    115.0      50     50
         c1x1_r90_L16@rand     8.39    278.6     1.00     1.00      ANE0      80.7     59.4      29     29
         c1x1_r90_L32@rand    15.20    298.8     1.00     1.00 ANE0+ANE1     135.8    129.0      46     47
         c1x1_s50_L16@rand     0.31    260.5     1.00     0.46      ANE0      61.1      nan       4      2
         c1x1_s50_L32@rand     0.31    284.2     1.00     1.00      ANE0      97.2     75.1       4      2
         c1x1_s75_L16@rand     0.18    235.5     1.00     0.00     ANE0?      47.8      nan       4      2
         c1x1_s75_L32@rand     0.18    274.2     1.00     1.00 ANE0+ANE1      70.5     49.4       4      2
         c1x1_s90_L16@rand     0.10    232.2     1.00     0.00     ANE0?      45.5      nan       4      2
         c1x1_s90_L32@rand     0.10    275.1     1.00     0.97      ANE0      64.6     40.9       4      2
        c1x1_fp16_L16@chan     0.52    277.8     1.00     1.00      ANE0      80.1     58.2       7      5
        c1x1_fp16_L32@chan     0.52    304.0     1.00     1.00      ANE0     134.7    112.5       5      3
         c1x1_lin_L16@chan     0.52    277.2     1.00     1.00      ANE0      81.2     59.1       5      3
         c1x1_lin_L32@chan     0.52    291.5     1.00     1.00      ANE0     138.3    116.2       5      3
        c1x1_fp16_L16@half     0.52    278.0     1.00     1.00      ANE0      80.2     58.2       7      5
        c1x1_fp16_L32@half     0.52    305.9     1.00     1.00      ANE0     134.6    112.5       5      3
         c1x1_lin_L16@half     0.52    277.2     1.00     1.00      ANE0      81.2     59.1       5      3
         c1x1_lin_L32@half     0.52    301.5     1.00     1.00      ANE0     138.2    116.1       5      3
        c1x1_fp16_L16@zero     0.52    279.2     1.00     1.00      ANE0      80.2     58.2       7      5
        c1x1_fp16_L32@zero     0.52    306.2     1.00     1.00      ANE0     134.6    112.5       5      3
         c1x1_lin_L16@zero     0.52    275.2     1.00     1.00      ANE0      79.5     57.4       5      3
         c1x1_lin_L32@zero     0.52    303.9     1.00     1.00      ANE0     134.8    112.6       5      3
        c3x3_fp16_L16@rand     4.72   1095.5     1.00     1.00      ANE0     690.3    762.0      47     36
        c3x3_fp16_L32@rand     4.72   1695.9     1.00     1.00      ANE0    1291.4   1394.4      62     47
        c3x3_ch50_L16@rand     4.73   1076.8     1.00     1.00      ANE0     690.2    691.9      52     37
        c3x3_ch50_L32@rand     4.73   1807.6     1.00     1.00      ANE0    1385.0   1480.8      61     47
         c3x3_lin_L16@rand     4.72   1078.5     1.00     1.00      ANE0     690.6    764.1      55     36
         c3x3_lin_L32@rand     4.72   1781.8     1.00     1.00      ANE0    1347.8   1442.4      63     50
        c3x3_nm24_L16@rand     2.70   1190.0     1.00     1.00      ANE0     786.7    878.0      25     28
        c3x3_nm24_L32@rand     2.70   1923.3     1.00     1.00      ANE0    1514.6   1549.5      34     40
        c3x3_nm34_L16@rand     1.49    681.0     1.00     1.00      ANE0     443.5    452.9      28     29
        c3x3_nm34_L32@rand     1.49   1258.8     1.00     1.00      ANE0     853.6    966.0      25     29
         c3x3_r75_L16@rand    75.50   1088.5     1.00     1.00      ANE0     690.2    763.2      48     37
         c3x3_r75_L32@rand   146.28   1787.9     1.00     1.00      ANE0    1347.9   1479.2      65     47
         c3x3_r90_L16@rand    75.50   1092.2     1.00     1.00      ANE0     690.3    766.3      48     36
         c3x3_r90_L32@rand   150.99   1794.2     1.00     1.00      ANE0    1348.2   1483.9      63     47
         c3x3_s50_L16@rand     2.70   1185.3     1.00     1.00      ANE0     790.6    872.7      25     27
         c3x3_s50_L32@rand     2.70   1956.6     1.00     1.00      ANE0    1549.0   1559.4      34     39
         c3x3_s75_L16@rand     1.49    680.4     1.00     1.00      ANE0     445.2    453.1      28     30
         c3x3_s75_L32@rand     1.49   1274.3     1.00     1.00      ANE0     858.0    974.2      26     27
         c3x3_s90_L16@rand     0.79    417.8     1.00     1.00      ANE0     254.0    231.7       6      3
         c3x3_s90_L32@rand     0.79    740.6     1.00     1.00      ANE0     476.7    494.5       3      2
        c3x3_fp16_L16@chan     4.72   1094.5     1.00     1.00      ANE0     690.4    764.9      47     37
        c3x3_fp16_L32@chan     4.72   1798.6     1.00     1.00      ANE0    1354.8   1486.1      61     47
         c3x3_lin_L16@chan     4.72   1098.4     1.00     1.00      ANE0     691.1    773.5      45     36
         c3x3_lin_L32@chan     4.72   1810.0     1.00     1.00      ANE0    1362.1   1476.4      60     47
        c3x3_fp16_L16@half     4.72   1092.8     1.00     1.00      ANE0     690.6    770.3      47     36
        c3x3_fp16_L32@half     4.72   1806.1     1.00     1.00      ANE0    1386.1   1480.6      61     48
         c3x3_lin_L16@half     4.72   1088.8     1.00     1.00      ANE0     690.2    762.8      46     37
         c3x3_lin_L32@half     4.72   1804.7     1.00     1.00      ANE0    1347.5   1473.0      61     47
        c3x3_fp16_L16@zero     4.72   1095.1     1.00     1.00      ANE0     690.3    766.2      46     37
        c3x3_fp16_L32@zero     4.72   1813.4     1.00     1.00      ANE0    1371.2   1488.2      59     47
         c3x3_lin_L16@zero     4.72   1095.8     1.00     1.00      ANE0     690.3    769.2      46     37
         c3x3_lin_L32@zero     4.72   1805.1     1.00     1.00      ANE0    1370.3   1483.4      61     47
       m2048_fp16_L16@rand   134.22   1324.5     1.00     1.00      ANE0     912.1    951.8      74     42
       m2048_fp16_L32@rand   268.44   2205.1     1.00     1.00      ANE0    1799.8   1802.8      95     51
       m2048_nm24_L16@rand    75.51    796.9     1.00     1.00      ANE0     525.0    518.9      71     45
       m2048_nm24_L32@rand   151.04   1433.4     1.00     1.00      ANE0    1024.2   1069.3      77     44
       m2048_nm34_L16@rand    41.96    454.7     1.00     1.00      ANE0     301.6    283.8      79     57
       m2048_nm34_L32@rand    83.92    928.1     1.00     1.00      ANE0     581.5    590.6      65     39
        m2048_s50_L16@rand    75.50    798.0     1.00     1.00      ANE0     525.6    520.6      71     45
        m2048_s50_L32@rand   150.98   1439.2     1.00     1.00      ANE0    1026.5   1073.4      78     44
      m2048_s50p4_L16@rand    25.20    389.3     1.00     1.00      ANE0     237.5    215.8      55     51
      m2048_s50p4_L32@rand    50.38    708.7     1.00     1.00      ANE0     451.8    465.9      51     43
        m2048_s75_L16@rand    41.94    456.8     1.00     1.00      ANE0     301.3    283.4      79     57
        m2048_s75_L32@rand    83.87    929.2     1.00     1.00      ANE0     581.8    593.4      65     39
        m2048_s90_L16@rand    21.81    319.3     1.00     1.00      ANE0     168.8    148.5      61     55
        m2048_s90_L32@rand    43.61    464.0     1.00     1.00      ANE0     312.7    294.8      81     57

            形状_版本@输入#轮       L  KERN/层 MB    每层 µs     每层(任务)     相对   有效 TFLOPS   等效读 GB/s
        c1x1_fp16@rand   16→32      0.524     3.41       3.40   1.00        19.7           
        c1x1_ch50@rand   16→32      0.541     3.42       3.41   1.00        19.6           
         c1x1_lin@rand   16→32      0.524     3.57       3.57   1.05        18.8           
        c1x1_nm24@rand   16→32      0.311     2.26        nan   0.66        29.7           
        c1x1_nm34@rand   16→32      0.180     1.43        nan   0.42        47.0           
         c1x1_r75@rand   16→32     16.777     3.41       3.47   1.00        19.7           
         c1x1_r90@rand   16→32     15.204     3.45       4.35   1.01        19.5           
         c1x1_s50@rand   16→32      0.311     2.25        nan   0.66        29.8           
         c1x1_s75@rand   16→32      0.180     1.42        nan   0.42        47.3           
         c1x1_s90@rand   16→32      0.098     1.20        nan   0.35        56.1           
        c1x1_fp16@chan   16→32      0.524     3.41       3.40   1.00        19.7           
         c1x1_lin@chan   16→32      0.524     3.57       3.57   1.05        18.8           
        c1x1_fp16@half   16→32      0.524     3.40       3.39   1.00        19.7           
         c1x1_lin@half   16→32      0.524     3.57       3.56   1.05        18.8           
        c1x1_fp16@zero   16→32      0.524     3.40       3.39   1.00        19.7           
         c1x1_lin@zero   16→32      0.524     3.46       3.45   1.01        19.4           
        c3x3_fp16@rand   16→32      4.719    37.57      39.52   1.00        32.2           
        c3x3_ch50@rand   16→32      4.735    43.43      49.31   1.16        27.8           
         c3x3_lin@rand   16→32      4.719    41.07      42.40   1.09        29.4           
        c3x3_nm24@rand   16→32      2.703    45.49      41.97   1.21        26.6           
        c3x3_nm34@rand   16→32      1.491    25.63      32.07   0.68        47.1           
         c3x3_r75@rand   16→32    146.276    41.10      44.75   1.09        29.4           
         c3x3_r90@rand   16→32    150.995    41.12      44.85   1.09        29.4           
         c3x3_s50@rand   16→32      2.703    47.40      42.92   1.26        25.5           
         c3x3_s75@rand   16→32      1.491    25.80      32.57   0.69        46.8           
         c3x3_s90@rand   16→32      0.786    13.92      16.42   0.37        86.8           
        c3x3_fp16@chan   16→32      4.719    41.53      45.08   1.11        29.1           
         c3x3_lin@chan   16→32      4.719    41.94      43.93   1.12        28.8           
        c3x3_fp16@half   16→32      4.719    43.47      44.39   1.16        27.8           
         c3x3_lin@half   16→32      4.719    41.08      44.38   1.09        29.4           
        c3x3_fp16@zero   16→32      4.719    42.56      45.12   1.13        28.4           
         c3x3_lin@zero   16→32      4.719    42.50      44.64   1.13        28.4           
       m2048_fp16@rand   16→32      8.389    55.48      53.19   1.00         4.8        151
       m2048_nm24@rand   16→32      4.721    31.21      34.40   0.56         8.6        151
       m2048_nm34@rand   16→32      2.622    17.49      19.18   0.32        15.3        150
        m2048_s50@rand   16→32      4.718    31.31      34.55   0.56         8.6        151
      m2048_s50p4@rand   16→32      1.574    13.40      15.63   0.24        20.0        117
        m2048_s75@rand   16→32      2.620    17.53      19.38   0.32        15.3        149
        m2048_s90@rand   16→32      1.363     8.99       9.14   0.16        29.9        152

######## m4_v1
                        运行  KERN MB    调用 µs    任务/调用    开始/结束        引擎     提交→完成     任务µs  SOC-NI    DCS
        c1x1_fp16_L16@rand     0.52    198.7      nan      nan       ANE     198.7      nan       0      0
        c1x1_fp16_L32@rand     0.52    227.2      nan      nan       ANE     227.2      nan       0      0
        c1x1_ch50_L16@rand     0.54    199.5      nan      nan       ANE     199.5      nan       0      0
        c1x1_ch50_L32@rand     0.54    226.3      nan      nan       ANE     226.3      nan       0      0
         c1x1_lin_L16@rand     0.52    167.7      nan      nan       ANE     167.7      nan       0      0
         c1x1_lin_L32@rand     0.52    239.0      nan      nan       ANE     239.0      nan       0      0
        c1x1_nm24_L16@rand     0.31    138.2      nan      nan       ANE     138.2      nan       0      0
        c1x1_nm24_L32@rand     0.31    186.3      nan      nan       ANE     186.3      nan       0      0
        c1x1_nm34_L16@rand     0.18    127.2      nan      nan       ANE     127.2      nan       0      0
        c1x1_nm34_L32@rand     0.18    157.6      nan      nan       ANE     157.6      nan       0      0
         c1x1_r75_L16@rand     8.39    283.6      nan      nan       ANE     283.6      nan       0      0
         c1x1_r75_L32@rand    16.78    396.0      nan      nan       ANE     396.0      nan       0      0
         c1x1_r90_L16@rand     8.39    281.2      nan      nan       ANE     281.2      nan       0      0
         c1x1_r90_L32@rand    15.20    389.0      nan      nan       ANE     389.0      nan       0      0
         c1x1_s50_L16@rand     0.31    138.6      nan      nan       ANE     138.6      nan       0      0
         c1x1_s50_L32@rand     0.31    192.5      nan      nan       ANE     192.5      nan       0      0
         c1x1_s75_L16@rand     0.18    121.6      nan      nan       ANE     121.6      nan       0      0
         c1x1_s75_L32@rand     0.18    164.2      nan      nan       ANE     164.2      nan       0      0
         c1x1_s90_L16@rand     0.10    115.3      nan      nan       ANE     115.3      nan       0      0
         c1x1_s90_L32@rand     0.10    149.5      nan      nan       ANE     149.5      nan       0      0
        c1x1_fp16_L16@chan     0.52    197.7      nan      nan       ANE     197.7      nan       0      0
        c1x1_fp16_L32@chan     0.52    225.9      nan      nan       ANE     225.9      nan       0      0
         c1x1_lin_L16@chan     0.52    166.9      nan      nan       ANE     166.9      nan       0      0
         c1x1_lin_L32@chan     0.52    226.6      nan      nan       ANE     226.6      nan       0      0
        c1x1_fp16_L16@half     0.52    197.2      nan      nan       ANE     197.2      nan       0      0
        c1x1_fp16_L32@half     0.52    225.1      nan      nan       ANE     225.1      nan       0      0
         c1x1_lin_L16@half     0.52    166.7      nan      nan       ANE     166.7      nan       0      0
         c1x1_lin_L32@half     0.52    226.6      nan      nan       ANE     226.6      nan       0      0
        c1x1_fp16_L16@zero     0.52    197.0      nan      nan       ANE     197.0      nan       0      0
        c1x1_fp16_L32@zero     0.52    225.3      nan      nan       ANE     225.3      nan       0      0
         c1x1_lin_L16@zero     0.52    165.6      nan      nan       ANE     165.6      nan       0      0
         c1x1_lin_L32@zero     0.52    225.4      nan      nan       ANE     225.4      nan       0      0
        c3x3_fp16_L16@rand     4.72   1310.5      nan      nan       ANE    1310.5      nan       0      0
        c3x3_fp16_L32@rand     4.72   2444.4      nan      nan       ANE    2444.4      nan       0      0
        c3x3_ch50_L16@rand     4.73   1309.8      nan      nan       ANE    1309.8      nan       0      0
        c3x3_ch50_L32@rand     4.73   2443.8      nan      nan       ANE    2443.8      nan       0      0
         c3x3_lin_L16@rand     4.72   1311.5      nan      nan       ANE    1311.5      nan       0      0
         c3x3_lin_L32@rand     4.72   2427.4      nan      nan       ANE    2427.4      nan       0      0
        c3x3_nm24_L16@rand     2.70   1010.1      nan      nan       ANE    1010.1      nan       0      0
        c3x3_nm24_L32@rand     2.70   1810.2      nan      nan       ANE    1810.2      nan       0      0
        c3x3_nm34_L16@rand     1.49    641.6      nan      nan       ANE     641.6      nan       0      0
        c3x3_nm34_L32@rand     1.49   1078.8      nan      nan       ANE    1078.8      nan       0      0
         c3x3_r75_L16@rand    75.50   1323.1      nan      nan       ANE    1323.1      nan       0      0
         c3x3_r75_L32@rand   146.28   2455.7      nan      nan       ANE    2455.7      nan       0      0
         c3x3_r90_L16@rand    75.50   1324.8      nan      nan       ANE    1324.8      nan       0      0
         c3x3_r90_L32@rand   150.99   2469.2      nan      nan       ANE    2469.2      nan       0      0
         c3x3_s50_L16@rand     2.70   1004.2      nan      nan       ANE    1004.2      nan       0      0
         c3x3_s50_L32@rand     2.70   1828.0      nan      nan       ANE    1828.0      nan       0      0
         c3x3_s75_L16@rand     1.49    648.5      nan      nan       ANE     648.5      nan       0      0
         c3x3_s75_L32@rand     1.49   1079.3      nan      nan       ANE    1079.3      nan       0      0
         c3x3_s90_L16@rand     0.79    409.8      nan      nan       ANE     409.8      nan       0      0
         c3x3_s90_L32@rand     0.79    672.6      nan      nan       ANE     672.6      nan       0      0
        c3x3_fp16_L16@chan     4.72   1294.8      nan      nan       ANE    1294.8      nan       0      0
        c3x3_fp16_L32@chan     4.72   2442.5      nan      nan       ANE    2442.5      nan       0      0
         c3x3_lin_L16@chan     4.72   1326.0      nan      nan       ANE    1326.0      nan       0      0
         c3x3_lin_L32@chan     4.72   2455.3      nan      nan       ANE    2455.3      nan       0      0
        c3x3_fp16_L16@half     4.72   1307.0      nan      nan       ANE    1307.0      nan       0      0
        c3x3_fp16_L32@half     4.72   2443.3      nan      nan       ANE    2443.3      nan       0      0
         c3x3_lin_L16@half     4.72   1326.0      nan      nan       ANE    1326.0      nan       0      0
         c3x3_lin_L32@half     4.72   2447.9      nan      nan       ANE    2447.9      nan       0      0
        c3x3_fp16_L16@zero     4.72   1306.7      nan      nan       ANE    1306.7      nan       0      0
        c3x3_fp16_L32@zero     4.72   2443.2      nan      nan       ANE    2443.2      nan       0      0
         c3x3_lin_L16@zero     4.72   1326.3      nan      nan       ANE    1326.3      nan       0      0
         c3x3_lin_L32@zero     4.72   2434.7      nan      nan       ANE    2434.7      nan       0      0
       m2048_fp16_L16@rand   134.22   2161.2      nan      nan       ANE    2161.2      nan       0      0
       m2048_fp16_L32@rand   268.44   4160.1      nan      nan       ANE    4160.1      nan       0      0
       m2048_nm24_L16@rand    75.51   1289.8      nan      nan       ANE    1289.8      nan       0      0
       m2048_nm24_L32@rand   151.04   2410.5      nan      nan       ANE    2410.5      nan       0      0
       m2048_nm34_L16@rand    41.96    785.2      nan      nan       ANE     785.2      nan       0      0
       m2048_nm34_L32@rand    83.92   1413.7      nan      nan       ANE    1413.7      nan       0      0
        m2048_s50_L16@rand    75.50   1288.0      nan      nan       ANE    1288.0      nan       0      0
        m2048_s50_L32@rand   150.98   2409.7      nan      nan       ANE    2409.7      nan       0      0
      m2048_s50p4_L16@rand    25.20    537.1      nan      nan       ANE     537.1      nan       0      0
      m2048_s50p4_L32@rand    50.38    913.5      nan      nan       ANE     913.5      nan       0      0
        m2048_s75_L16@rand    41.94    785.1      nan      nan       ANE     785.1      nan       0      0
        m2048_s75_L32@rand    83.87   1414.0      nan      nan       ANE    1414.0      nan       0      0
        m2048_s90_L16@rand    21.81    479.9      nan      nan       ANE     479.9      nan       0      0
        m2048_s90_L32@rand    43.61    811.8      nan      nan       ANE     811.8      nan       0      0

            形状_版本@输入#轮       L  KERN/层 MB    每层 µs     每层(任务)     相对   有效 TFLOPS   等效读 GB/s
        c1x1_fp16@rand   16→32      0.524     1.78        nan   1.00        37.7           
        c1x1_ch50@rand   16→32      0.541     1.68        nan   0.94        40.1           
         c1x1_lin@rand   16→32      0.524     4.46        nan   2.50        15.1           
        c1x1_nm24@rand   16→32      0.311     3.01        nan   1.69        22.3           
        c1x1_nm34@rand   16→32      0.180     1.90        nan   1.07        35.3           
         c1x1_r75@rand   16→32     16.777     7.02        nan   3.94         9.6           
         c1x1_r90@rand   16→32     15.204     6.74        nan   3.78        10.0           
         c1x1_s50@rand   16→32      0.311     3.37        nan   1.89        19.9           
         c1x1_s75@rand   16→32      0.180     2.66        nan   1.49        25.2           
         c1x1_s90@rand   16→32      0.098     2.14        nan   1.20        31.4           
        c1x1_fp16@chan   16→32      0.524     1.76        nan   0.99        38.1           
         c1x1_lin@chan   16→32      0.524     3.73        nan   2.09        18.0           
        c1x1_fp16@half   16→32      0.524     1.74        nan   0.98        38.5           
         c1x1_lin@half   16→32      0.524     3.74        nan   2.10        17.9           
        c1x1_fp16@zero   16→32      0.524     1.77        nan   0.99        37.9           
         c1x1_lin@zero   16→32      0.524     3.74        nan   2.10        18.0           
        c3x3_fp16@rand   16→32      4.719    70.87        nan   1.00        17.0           
        c3x3_ch50@rand   16→32      4.735    70.88        nan   1.00        17.0           
         c3x3_lin@rand   16→32      4.719    69.74        nan   0.98        17.3           
        c3x3_nm24@rand   16→32      2.703    50.01        nan   0.71        24.2           
        c3x3_nm34@rand   16→32      1.491    27.32        nan   0.39        44.2           
         c3x3_r75@rand   16→32    146.276    70.79        nan   1.00        17.1           
         c3x3_r90@rand   16→32    150.995    71.52        nan   1.01        16.9           
         c3x3_s50@rand   16→32      2.703    51.49        nan   0.73        23.5           
         c3x3_s75@rand   16→32      1.491    26.92        nan   0.38        44.9           
         c3x3_s90@rand   16→32      0.786    16.43        nan   0.23        73.5           
        c3x3_fp16@chan   16→32      4.719    71.73        nan   1.01        16.8           
         c3x3_lin@chan   16→32      4.719    70.58        nan   1.00        17.1           
        c3x3_fp16@half   16→32      4.719    71.02        nan   1.00        17.0           
         c3x3_lin@half   16→32      4.719    70.12        nan   0.99        17.2           
        c3x3_fp16@zero   16→32      4.719    71.03        nan   1.00        17.0           
         c3x3_lin@zero   16→32      4.719    69.27        nan   0.98        17.4           
       m2048_fp16@rand   16→32      8.389   124.93        nan   1.00         2.1         67
       m2048_nm24@rand   16→32      4.721    70.04        nan   0.56         3.8         67
       m2048_nm34@rand   16→32      2.622    39.28        nan   0.31         6.8         67
        m2048_s50@rand   16→32      4.718    70.11        nan   0.56         3.8         67
      m2048_s50p4@rand   16→32      1.574    23.52        nan   0.19        11.4         67
        m2048_s75@rand   16→32      2.620    39.31        nan   0.31         6.8         67
        m2048_s90@rand   16→32      1.363    20.74        nan   0.17        12.9         66

######## m6_v2
                        运行  KERN MB    调用 µs    任务/调用    开始/结束        引擎     提交→完成     任务µs  SOC-NI    DCS
      c1x1_fp16_L32@rand#1      nan    300.6     1.00     1.00      ANE0     134.7    112.6       5      3
     c1x1_fp16_L128@rand#1      nan    733.5     1.00     1.00      ANE0     465.8    483.8       2      2
      c1x1_ch50_L32@rand#1      nan    304.4     1.00     1.00      ANE0     134.6    112.6       5      3
     c1x1_ch50_L128@rand#1      nan    731.1     1.00     1.00      ANE0     465.8    483.6       2      2
       c1x1_lin_L32@rand#1      nan    292.9     1.00     1.00      ANE0     138.2    116.3       5      3
      c1x1_lin_L128@rand#1      nan    734.9     1.00     1.00      ANE0     471.1    479.2       2      2
      c1x1_nm24_L32@rand#1      nan    282.4     1.00     1.00      ANE0      96.8     74.8       4      2
     c1x1_nm24_L128@rand#1      nan    464.9     1.00     1.00      ANE0     315.0    293.1       3      2
      c1x1_nm34_L32@rand#1      nan    274.1     1.00     1.00      ANE0      70.2     48.0       4      2
     c1x1_nm34_L128@rand#1      nan    360.2     1.00     1.00      ANE0     207.8    185.7       3      2
       c1x1_s50_L32@rand#1      nan    281.9     1.00     1.00      ANE0      97.2     75.1       4      2
      c1x1_s50_L128@rand#1      nan    466.1     1.00     1.00      ANE0     316.2    294.3       3      2
       c1x1_s75_L32@rand#1      nan    275.2     1.00     1.00      ANE0      70.4     48.1       4      2
      c1x1_s75_L128@rand#1      nan    360.5     1.00     1.00      ANE0     208.2    186.2       3      2
       c1x1_s90_L32@rand#1      nan    274.6     1.00     0.99      ANE0      64.6     42.0       4      2
      c1x1_s90_L128@rand#1      nan    334.0     1.00     1.00      ANE0     184.8    162.8       3      2
       c1x1_z00_L32@rand#1      nan    318.7     1.00     1.00      ANE0     170.2    147.8      18     14
       c1x1_z00_L64@rand#1      nan    464.9     1.00     1.00      ANE0     314.7    292.4      21     19
       c1x1_z50_L32@rand#1      nan    313.1     1.00     1.00      ANE0     165.7    143.2      18     15
       c1x1_z50_L64@rand#1      nan    456.4     1.00     1.00      ANE0     306.6    284.5      21     19
       c1x1_z75_L32@rand#1      nan    313.8     1.00     1.00      ANE0     165.8    143.3      18     15
       c1x1_z75_L64@rand#1      nan    456.5     1.00     1.00      ANE0     306.6    284.5      21     19
       c1x1_z90_L32@rand#1      nan    312.4     1.00     1.00      ANE0     165.7    143.2      18     15
       c1x1_z90_L64@rand#1      nan    456.4     1.00     1.00      ANE0     306.5    284.4      21     19
       c1x1_zch_L32@rand#1      nan    313.5     1.00     1.00      ANE0     166.4    144.0      18     15
       c1x1_zch_L64@rand#1      nan    457.3     1.00     1.00      ANE0     308.0    285.8      21     19
      c1x1_fp16_L32@rand#2      nan    305.0     1.00     1.00      ANE0     134.5    112.5       5      3
     c1x1_fp16_L128@rand#2      nan    732.3     1.00     1.00      ANE0     465.8    483.4       2      2
      c1x1_ch50_L32@rand#2      nan    303.8     1.00     1.00      ANE0     134.6    112.6       5      3
     c1x1_ch50_L128@rand#2      nan    731.7     1.00     1.00      ANE0     465.7    482.5       2      2
       c1x1_lin_L32@rand#2      nan    294.8     1.00     1.00      ANE0     138.2    116.3       5      3
      c1x1_lin_L128@rand#2      nan    738.2     1.00     1.00      ANE0     471.8    485.0       2      2
      c1x1_nm24_L32@rand#2      nan    285.7     1.00     1.00      ANE0      96.6     74.8       4      2
     c1x1_nm24_L128@rand#2      nan    467.1     1.00     1.00      ANE0     314.9    293.1       3      2
      c1x1_nm34_L32@rand#2      nan    275.4     1.00     1.00      ANE0      70.1     48.0       4      2
     c1x1_nm34_L128@rand#2      nan    359.0     1.00     1.00      ANE0     207.7    185.7       3      2
       c1x1_s50_L32@rand#2      nan    284.0     1.00     1.00      ANE0      97.0     75.1       4      2
      c1x1_s50_L128@rand#2      nan    466.1     1.00     1.00      ANE0     316.1    294.3       3      2
       c1x1_s75_L32@rand#2      nan    274.4     1.00     1.00      ANE0      70.3     48.1       4      2
      c1x1_s75_L128@rand#2      nan    361.8     1.00     1.00      ANE0     208.2    186.2       3      2
       c1x1_s90_L32@rand#2      nan    278.8     1.00     0.98      ANE0      64.4     41.6       4      2
      c1x1_s90_L128@rand#2      nan    334.5     1.00     1.00      ANE0     184.7    162.8       3      2
       c1x1_z00_L32@rand#2      nan    321.2     1.00     1.00      ANE0     170.2    147.8      18     14
       c1x1_z00_L64@rand#2      nan    465.0     1.00     1.00      ANE0     314.7    292.4      21     19
       c1x1_z50_L32@rand#2      nan    315.3     1.00     1.00      ANE0     165.8    143.2      18     15
       c1x1_z50_L64@rand#2      nan    456.2     1.00     1.00      ANE0     306.6    284.5      21     19
       c1x1_z75_L32@rand#2      nan    314.2     1.00     1.00      ANE0     165.8    143.3      18     15
       c1x1_z75_L64@rand#2      nan    462.8     1.00     1.00      ANE0     306.6    284.5      21     19
       c1x1_z90_L32@rand#2      nan    312.8     1.00     1.00      ANE0     165.8    143.2      18     15
       c1x1_z90_L64@rand#2      nan    457.0     1.00     1.00      ANE0     306.5    284.5      21     19
       c1x1_zch_L32@rand#2      nan    316.5     1.00     1.00      ANE0     166.5    144.0      18     14
       c1x1_zch_L64@rand#2      nan    457.8     1.00     1.00      ANE0     308.0    285.8      21     19
      c3x3_fp16_L16@rand#1      nan   1093.7     1.00     1.00      ANE0     690.6    767.5      46     36
      c3x3_fp16_L32@rand#1      nan   1818.5     1.00     1.00      ANE0    1390.4   1478.2      60     47
      c3x3_ch50_L16@rand#1      nan   1093.9     1.00     1.00      ANE0     690.2    768.0      45     36
      c3x3_ch50_L32@rand#1      nan   1797.6     1.00     1.00      ANE0    1347.4   1488.1      62     46
       c3x3_lin_L16@rand#1      nan   1095.5     1.00     1.00      ANE0     690.3    767.4      47     36
       c3x3_lin_L32@rand#1      nan   1813.2     1.00     1.00      ANE0    1363.8   1488.7      62     47
      c3x3_nm24_L16@rand#1      nan   1173.7     1.00     1.00      ANE0     788.2    870.3      25     27
      c3x3_nm24_L32@rand#1      nan   1955.0     1.00     1.00      ANE0    1542.1   1557.1      34     39
      c3x3_nm34_L16@rand#1      nan    678.5     1.00     1.00      ANE0     443.0    451.1      28     29
      c3x3_nm34_L32@rand#1      nan   1283.2     1.00     1.00      ANE0     853.8    965.1      26     28
       c3x3_s50_L16@rand#1      nan   1197.5     1.00     1.00      ANE0     790.3    882.4      25     27
       c3x3_s50_L32@rand#1      nan   1952.2     1.00     1.00      ANE0    1523.4   1568.3      35     39
       c3x3_s75_L16@rand#1      nan    688.8     1.00     1.00      ANE0     445.0    456.0      28     29
       c3x3_s75_L32@rand#1      nan   1281.3     1.00     1.00      ANE0     858.6    981.4      25     28
       c3x3_s90_L16@rand#1      nan    417.6     1.00     1.00      ANE0     254.0    231.8       6      3
       c3x3_s90_L32@rand#1      nan    741.8     1.00     1.00      ANE0     476.5    494.8       3      2
       c3x3_z00_L16@rand#1      nan   1136.8     1.00     1.00      ANE0     729.2    811.7      47     37
       c3x3_z00_L32@rand#1      nan   1879.2     1.00     1.00      ANE0    1428.1   1535.2      64     48
       c3x3_z50_L16@rand#1      nan   1152.8     1.00     1.00      ANE0     730.3    826.7      46     36
       c3x3_z50_L32@rand#1      nan   1934.3     1.00     1.00      ANE0    1468.0   1552.4      62     47
       c3x3_z75_L16@rand#1      nan   1139.8     1.00     1.00      ANE0     729.2    809.3      47     36
       c3x3_z75_L32@rand#1      nan   1722.7     1.00     1.00      ANE0    1361.3   1442.1      63     54
       c3x3_z90_L16@rand#1      nan   1129.4     1.00     1.00      ANE0     729.8    810.6      55     37
       c3x3_z90_L32@rand#1      nan   1887.7     1.00     1.00      ANE0    1457.4   1535.4      65     48
       c3x3_zch_L16@rand#1      nan   1136.3     1.00     1.00      ANE0     729.1    802.9      47     37
       c3x3_zch_L32@rand#1      nan   1882.2     1.00     1.00      ANE0    1422.8   1538.9      64     47
      c3x3_fp16_L16@rand#2      nan   1094.4     1.00     1.00      ANE0     690.4    770.1      45     36
      c3x3_fp16_L32@rand#2      nan   1795.2     1.00     1.00      ANE0    1347.8   1473.7      61     46
      c3x3_ch50_L16@rand#2      nan   1093.5     1.00     1.00      ANE0     690.4    769.2      46     37
      c3x3_ch50_L32@rand#2      nan   1802.3     1.00     1.00      ANE0    1349.1   1485.4      62     47
       c3x3_lin_L16@rand#2      nan   1097.1     1.00     1.00      ANE0     690.6    770.2      47     37
       c3x3_lin_L32@rand#2      nan   1802.9     1.00     1.00      ANE0    1349.3   1483.7      60     47
      c3x3_nm24_L16@rand#2      nan   1202.3     1.00     1.00      ANE0     786.9    887.0      24     27
      c3x3_nm24_L32@rand#2      nan   1972.2     1.00     1.00      ANE0    1542.0   1589.1      34     39
      c3x3_nm34_L16@rand#2      nan    687.6     1.00     1.00      ANE0     443.1    452.2      28     29
      c3x3_nm34_L32@rand#2      nan   1271.0     1.00     1.00      ANE0     853.4    961.2      25     28
       c3x3_s50_L16@rand#2      nan   1213.3     1.00     1.00      ANE0     791.2    899.2      25     27
       c3x3_s50_L32@rand#2      nan   1957.3     1.00     1.00 ANE0+ANE1    1524.0   1586.7      34     39
       c3x3_s75_L16@rand#2      nan    683.5     1.00     1.00      ANE0     445.2    453.5      28     29
       c3x3_s75_L32@rand#2      nan   1268.7     1.00     1.00      ANE0     857.4    966.5      26     29
       c3x3_s90_L16@rand#2      nan    416.9     1.00     1.00      ANE0     253.9    231.8       6      3
       c3x3_s90_L32@rand#2      nan    741.0     1.00     1.00      ANE0     476.7    493.5       3      2
       c3x3_z00_L16@rand#2      nan   1137.7     1.00     1.00      ANE0     729.7    814.5      47     37
       c3x3_z00_L32@rand#2      nan   1907.2     1.00     1.00      ANE0    1466.1   1530.0      63     48
       c3x3_z50_L16@rand#2      nan   1143.1     1.00     1.00      ANE0     729.5    822.5      45     37
       c3x3_z50_L32@rand#2      nan   1863.5     1.00     1.00      ANE0    1423.5   1529.0      64     47
       c3x3_z75_L16@rand#2      nan   1135.9     1.00     1.00      ANE0     729.1    808.7      47     37
       c3x3_z75_L32@rand#2      nan   1892.2     1.00     1.00      ANE0    1454.3   1530.9      65     48
       c3x3_z90_L16@rand#2      nan   1145.6     1.00     1.00      ANE0     729.5    823.7      48     37
       c3x3_z90_L32@rand#2      nan   1884.2     1.00     1.00      ANE0    1440.9   1543.5      62     48
       c3x3_zch_L16@rand#2      nan   1142.8     1.00     1.00      ANE0     729.6    818.8      46     37
       c3x3_zch_L32@rand#2      nan   1897.1     1.00     1.00      ANE0    1463.8   1540.6      64     48

            形状_版本@输入#轮       L  KERN/层 MB    每层 µs     每层(任务)     相对   有效 TFLOPS   等效读 GB/s
      c1x1_fp16@rand#1  32→128        nan     3.45       3.87   1.00        19.5           
      c1x1_ch50@rand#1  32→128        nan     3.45       3.86   1.00        19.5           
       c1x1_lin@rand#1  32→128        nan     3.47       3.78   1.01        19.4           
      c1x1_nm24@rand#1  32→128        nan     2.27       2.27   0.66        29.5           
      c1x1_nm34@rand#1  32→128        nan     1.43       1.43   0.42        46.8           
       c1x1_s50@rand#1  32→128        nan     2.28       2.28   0.66        29.4           
       c1x1_s75@rand#1  32→128        nan     1.44       1.44   0.42        46.7           
       c1x1_s90@rand#1  32→128        nan     1.25       1.26   0.36        53.6           
       c1x1_z00@rand#1   32→64        nan     4.51       4.52   1.31        14.9           
       c1x1_z50@rand#1   32→64        nan     4.40       4.41   1.28        15.2           
       c1x1_z75@rand#1   32→64        nan     4.40       4.41   1.28        15.2           
       c1x1_z90@rand#1   32→64        nan     4.40       4.41   1.28        15.2           
       c1x1_zch@rand#1   32→64        nan     4.42       4.43   1.28        15.2           
      c1x1_fp16@rand#2  32→128        nan     3.45       3.86   1.00        19.5           
      c1x1_ch50@rand#2  32→128        nan     3.45       3.85   1.00        19.5           
       c1x1_lin@rand#2  32→128        nan     3.48       3.84   1.01        19.3           
      c1x1_nm24@rand#2  32→128        nan     2.27       2.27   0.66        29.5           
      c1x1_nm34@rand#2  32→128        nan     1.43       1.44   0.42        46.8           
       c1x1_s50@rand#2  32→128        nan     2.28       2.28   0.66        29.4           
       c1x1_s75@rand#2  32→128        nan     1.44       1.44   0.42        46.7           
       c1x1_s90@rand#2  32→128        nan     1.25       1.26   0.36        53.6           
       c1x1_z00@rand#2   32→64        nan     4.52       4.52   1.31        14.9           
       c1x1_z50@rand#2   32→64        nan     4.40       4.41   1.28        15.2           
       c1x1_z75@rand#2   32→64        nan     4.40       4.41   1.28        15.3           
       c1x1_z90@rand#2   32→64        nan     4.40       4.41   1.28        15.3           
       c1x1_zch@rand#2   32→64        nan     4.42       4.43   1.28        15.2           
      c3x3_fp16@rand#1   16→32        nan    43.74      44.42   1.00        27.6           
      c3x3_ch50@rand#1   16→32        nan    41.07      45.01   0.94        29.4           
       c3x3_lin@rand#1   16→32        nan    42.09      45.08   0.96        28.7           
      c3x3_nm24@rand#1   16→32        nan    47.11      42.93   1.08        25.6           
      c3x3_nm34@rand#1   16→32        nan    25.67      32.12   0.59        47.0           
       c3x3_s50@rand#1   16→32        nan    45.82      42.87   1.05        26.4           
       c3x3_s75@rand#1   16→32        nan    25.85      32.83   0.59        46.7           
       c3x3_s90@rand#1   16→32        nan    13.90      16.43   0.32        86.9           
       c3x3_z00@rand#1   16→32        nan    43.68      45.22   1.00        27.7           
       c3x3_z50@rand#1   16→32        nan    46.10      45.36   1.05        26.2           
       c3x3_z75@rand#1   16→32        nan    39.51      39.55   0.90        30.6           
       c3x3_z90@rand#1   16→32        nan    45.47      45.30   1.04        26.6           
       c3x3_zch@rand#1   16→32        nan    43.36      46.00   0.99        27.9           
      c3x3_fp16@rand#2   16→32        nan    41.09      43.97   1.00        29.4           
      c3x3_ch50@rand#2   16→32        nan    41.17      44.76   1.00        29.3           
       c3x3_lin@rand#2   16→32        nan    41.17      44.59   1.00        29.3           
      c3x3_nm24@rand#2   16→32        nan    47.19      43.88   1.15        25.6           
      c3x3_nm34@rand#2   16→32        nan    25.64      31.81   0.62        47.1           
       c3x3_s50@rand#2   16→32        nan    45.80      42.97   1.11        26.4           
       c3x3_s75@rand#2   16→32        nan    25.76      32.06   0.63        46.9           
       c3x3_s90@rand#2   16→32        nan    13.92      16.36   0.34        86.8           
       c3x3_z00@rand#2   16→32        nan    46.02      44.72   1.12        26.2           
       c3x3_z50@rand#2   16→32        nan    43.37      44.16   1.06        27.9           
       c3x3_z75@rand#2   16→32        nan    45.33      45.14   1.10        26.7           
       c3x3_z90@rand#2   16→32        nan    44.46      44.99   1.08        27.2           
       c3x3_zch@rand#2   16→32        nan    45.89      45.11   1.12        26.3           

######## m4_v2
                        运行  KERN MB    调用 µs    任务/调用    开始/结束        引擎     提交→完成     任务µs  SOC-NI    DCS
      c1x1_fp16_L32@rand#1     0.52    228.8      nan      nan       ANE     228.8      nan       0      0
     c1x1_fp16_L128@rand#1     0.52    638.3      nan      nan       ANE     638.3      nan       0      0
      c1x1_ch50_L32@rand#1     0.54    226.1      nan      nan       ANE     226.1      nan       0      0
     c1x1_ch50_L128@rand#1     0.54    632.5      nan      nan       ANE     632.5      nan       0      0
       c1x1_lin_L32@rand#1     0.52    229.7      nan      nan       ANE     229.7      nan       0      0
      c1x1_lin_L128@rand#1     0.52    645.6      nan      nan       ANE     645.6      nan       0      0
      c1x1_nm24_L32@rand#1     0.31    187.0      nan      nan       ANE     187.0      nan       0      0
     c1x1_nm24_L128@rand#1     0.31    471.8      nan      nan       ANE     471.8      nan       0      0
      c1x1_nm34_L32@rand#1     0.18    158.3      nan      nan       ANE     158.3      nan       0      0
     c1x1_nm34_L128@rand#1     0.18    341.5      nan      nan       ANE     341.5      nan       0      0
       c1x1_s50_L32@rand#1     0.31    189.0      nan      nan       ANE     189.0      nan       0      0
      c1x1_s50_L128@rand#1     0.31    471.9      nan      nan       ANE     471.9      nan       0      0
       c1x1_s75_L32@rand#1     0.18    158.0      nan      nan       ANE     158.0      nan       0      0
      c1x1_s75_L128@rand#1     0.18    339.5      nan      nan       ANE     339.5      nan       0      0
       c1x1_s90_L32@rand#1     0.10    143.5      nan      nan       ANE     143.5      nan       0      0
      c1x1_s90_L128@rand#1     0.10    282.8      nan      nan       ANE     282.8      nan       0      0
       c1x1_z00_L32@rand#1     0.52    261.4      nan      nan       ANE     261.4      nan       0      0
      c1x1_z00_L128@rand#1     0.52    745.3      nan      nan       ANE     745.3      nan       0      0
       c1x1_z50_L32@rand#1     0.52    251.9      nan      nan       ANE     251.9      nan       0      0
      c1x1_z50_L128@rand#1     0.52    748.3      nan      nan       ANE     748.3      nan       0      0
       c1x1_z75_L32@rand#1     0.52    251.4      nan      nan       ANE     251.4      nan       0      0
      c1x1_z75_L128@rand#1     0.52    735.2      nan      nan       ANE     735.2      nan       0      0
       c1x1_z90_L32@rand#1     0.52    253.5      nan      nan       ANE     253.5      nan       0      0
      c1x1_z90_L128@rand#1     0.52    745.8      nan      nan       ANE     745.8      nan       0      0
       c1x1_zch_L32@rand#1     0.52    260.0      nan      nan       ANE     260.0      nan       0      0
      c1x1_zch_L128@rand#1     0.52    732.9      nan      nan       ANE     732.9      nan       0      0
      c1x1_fp16_L32@chan#1     0.52    225.7      nan      nan       ANE     225.7      nan       0      0
     c1x1_fp16_L128@chan#1     0.52    645.4      nan      nan       ANE     645.4      nan       0      0
       c1x1_lin_L32@chan#1     0.52    226.5      nan      nan       ANE     226.5      nan       0      0
      c1x1_lin_L128@chan#1     0.52    662.9      nan      nan       ANE     662.9      nan       0      0
      c1x1_fp16_L32@half#1     0.52    230.0      nan      nan       ANE     230.0      nan       0      0
     c1x1_fp16_L128@half#1     0.52    636.6      nan      nan       ANE     636.6      nan       0      0
       c1x1_lin_L32@half#1     0.52    226.4      nan      nan       ANE     226.4      nan       0      0
      c1x1_lin_L128@half#1     0.52    644.6      nan      nan       ANE     644.6      nan       0      0
      c1x1_fp16_L32@zero#1     0.52    227.7      nan      nan       ANE     227.7      nan       0      0
     c1x1_fp16_L128@zero#1     0.52    638.6      nan      nan       ANE     638.6      nan       0      0
       c1x1_lin_L32@zero#1     0.52    225.8      nan      nan       ANE     225.8      nan       0      0
      c1x1_lin_L128@zero#1     0.52    638.6      nan      nan       ANE     638.6      nan       0      0
      c1x1_fp16_L32@rand#2     0.52    225.6      nan      nan       ANE     225.6      nan       0      0
     c1x1_fp16_L128@rand#2     0.52    646.4      nan      nan       ANE     646.4      nan       0      0
      c1x1_ch50_L32@rand#2     0.54    225.5      nan      nan       ANE     225.5      nan       0      0
     c1x1_ch50_L128@rand#2     0.54    660.9      nan      nan       ANE     660.9      nan       0      0
       c1x1_lin_L32@rand#2     0.52    227.0      nan      nan       ANE     227.0      nan       0      0
      c1x1_lin_L128@rand#2     0.52    649.5      nan      nan       ANE     649.5      nan       0      0
      c1x1_nm24_L32@rand#2     0.31    186.9      nan      nan       ANE     186.9      nan       0      0
     c1x1_nm24_L128@rand#2     0.31    470.6      nan      nan       ANE     470.6      nan       0      0
      c1x1_nm34_L32@rand#2     0.18    154.7      nan      nan       ANE     154.7      nan       0      0
     c1x1_nm34_L128@rand#2     0.18    340.3      nan      nan       ANE     340.3      nan       0      0
       c1x1_s50_L32@rand#2     0.31    186.9      nan      nan       ANE     186.9      nan       0      0
      c1x1_s50_L128@rand#2     0.31    471.8      nan      nan       ANE     471.8      nan       0      0
       c1x1_s75_L32@rand#2     0.18    155.2      nan      nan       ANE     155.2      nan       0      0
      c1x1_s75_L128@rand#2     0.18    342.5      nan      nan       ANE     342.5      nan       0      0
       c1x1_s90_L32@rand#2     0.10    142.0      nan      nan       ANE     142.0      nan       0      0
      c1x1_s90_L128@rand#2     0.10    278.2      nan      nan       ANE     278.2      nan       0      0
       c1x1_z00_L32@rand#2     0.52    253.4      nan      nan       ANE     253.4      nan       0      0
      c1x1_z00_L128@rand#2     0.52    761.1      nan      nan       ANE     761.1      nan       0      0
       c1x1_z50_L32@rand#2     0.52    250.3      nan      nan       ANE     250.3      nan       0      0
      c1x1_z50_L128@rand#2     0.52    731.4      nan      nan       ANE     731.4      nan       0      0
       c1x1_z75_L32@rand#2     0.52    250.5      nan      nan       ANE     250.5      nan       0      0
      c1x1_z75_L128@rand#2     0.52    728.0      nan      nan       ANE     728.0      nan       0      0
       c1x1_z90_L32@rand#2     0.52    251.3      nan      nan       ANE     251.3      nan       0      0
      c1x1_z90_L128@rand#2     0.52    722.8      nan      nan       ANE     722.8      nan       0      0
       c1x1_zch_L32@rand#2     0.52    250.8      nan      nan       ANE     250.8      nan       0      0
      c1x1_zch_L128@rand#2     0.52    730.3      nan      nan       ANE     730.3      nan       0      0
      c1x1_fp16_L32@chan#2     0.52    227.7      nan      nan       ANE     227.7      nan       0      0
     c1x1_fp16_L128@chan#2     0.52    638.6      nan      nan       ANE     638.6      nan       0      0
       c1x1_lin_L32@chan#2     0.52    232.4      nan      nan       ANE     232.4      nan       0      0
      c1x1_lin_L128@chan#2     0.52    652.5      nan      nan       ANE     652.5      nan       0      0
      c1x1_fp16_L32@half#2     0.52    227.7      nan      nan       ANE     227.7      nan       0      0
     c1x1_fp16_L128@half#2     0.52    637.2      nan      nan       ANE     637.2      nan       0      0
       c1x1_lin_L32@half#2     0.52    228.2      nan      nan       ANE     228.2      nan       0      0
      c1x1_lin_L128@half#2     0.52    653.0      nan      nan       ANE     653.0      nan       0      0
      c1x1_fp16_L32@zero#2     0.52    227.4      nan      nan       ANE     227.4      nan       0      0
     c1x1_fp16_L128@zero#2     0.52    634.6      nan      nan       ANE     634.6      nan       0      0
       c1x1_lin_L32@zero#2     0.52    226.3      nan      nan       ANE     226.3      nan       0      0
      c1x1_lin_L128@zero#2     0.52    634.2      nan      nan       ANE     634.2      nan       0      0
      c3x3_fp16_L16@rand#1     4.72   1327.3      nan      nan       ANE    1327.3      nan       0      0
      c3x3_fp16_L32@rand#1     4.72   2448.1      nan      nan       ANE    2448.1      nan       0      0
      c3x3_ch50_L16@rand#1     4.73   1326.8      nan      nan       ANE    1326.8      nan       0      0
      c3x3_ch50_L32@rand#1     4.73   2465.8      nan      nan       ANE    2465.8      nan       0      0
       c3x3_lin_L16@rand#1     4.72   1326.3      nan      nan       ANE    1326.3      nan       0      0
       c3x3_lin_L32@rand#1     4.72   2456.2      nan      nan       ANE    2456.2      nan       0      0
      c3x3_nm24_L16@rand#1     2.70    999.1      nan      nan       ANE     999.1      nan       0      0
      c3x3_nm24_L32@rand#1     2.70   1805.3      nan      nan       ANE    1805.3      nan       0      0
      c3x3_nm34_L16@rand#1     1.49    640.0      nan      nan       ANE     640.0      nan       0      0
      c3x3_nm34_L32@rand#1     1.49   1081.9      nan      nan       ANE    1081.9      nan       0      0
       c3x3_s50_L16@rand#1     2.70   1002.7      nan      nan       ANE    1002.7      nan       0      0
       c3x3_s50_L32@rand#1     2.70   1818.1      nan      nan       ANE    1818.1      nan       0      0
       c3x3_s75_L16@rand#1     1.49    641.1      nan      nan       ANE     641.1      nan       0      0
       c3x3_s75_L32@rand#1     1.49   1082.9      nan      nan       ANE    1082.9      nan       0      0
       c3x3_s90_L16@rand#1     0.79    422.6      nan      nan       ANE     422.6      nan       0      0
       c3x3_s90_L32@rand#1     0.79    671.4      nan      nan       ANE     671.4      nan       0      0
       c3x3_z00_L16@rand#1     4.72   1396.3      nan      nan       ANE    1396.3      nan       0      0
       c3x3_z00_L32@rand#1     4.72   2587.4      nan      nan       ANE    2587.4      nan       0      0
       c3x3_z50_L16@rand#1     4.72   1390.2      nan      nan       ANE    1390.2      nan       0      0
       c3x3_z50_L32@rand#1     4.72   2581.8      nan      nan       ANE    2581.8      nan       0      0
       c3x3_z75_L16@rand#1     4.72   1391.2      nan      nan       ANE    1391.2      nan       0      0
       c3x3_z75_L32@rand#1     4.72   2582.8      nan      nan       ANE    2582.8      nan       0      0
       c3x3_z90_L16@rand#1     4.72   1398.0      nan      nan       ANE    1398.0      nan       0      0
       c3x3_z90_L32@rand#1     4.72   2640.8      nan      nan       ANE    2640.8      nan       0      0
       c3x3_zch_L16@rand#1     4.72   1394.0      nan      nan       ANE    1394.0      nan       0      0
       c3x3_zch_L32@rand#1     4.72   2584.5      nan      nan       ANE    2584.5      nan       0      0
      c3x3_fp16_L16@chan#1     4.72   1322.7      nan      nan       ANE    1322.7      nan       0      0
      c3x3_fp16_L32@chan#1     4.72   2455.0      nan      nan       ANE    2455.0      nan       0      0
       c3x3_lin_L16@chan#1     4.72   1318.1      nan      nan       ANE    1318.1      nan       0      0
       c3x3_lin_L32@chan#1     4.72   2420.0      nan      nan       ANE    2420.0      nan       0      0
      c3x3_fp16_L16@half#1     4.72   1323.6      nan      nan       ANE    1323.6      nan       0      0
      c3x3_fp16_L32@half#1     4.72   2462.1      nan      nan       ANE    2462.1      nan       0      0
       c3x3_lin_L16@half#1     4.72   1326.3      nan      nan       ANE    1326.3      nan       0      0
       c3x3_lin_L32@half#1     4.72   2425.8      nan      nan       ANE    2425.8      nan       0      0
      c3x3_fp16_L16@zero#1     4.72   1331.2      nan      nan       ANE    1331.2      nan       0      0
      c3x3_fp16_L32@zero#1     4.72   2465.0      nan      nan       ANE    2465.0      nan       0      0
       c3x3_lin_L16@zero#1     4.72   1329.8      nan      nan       ANE    1329.8      nan       0      0
       c3x3_lin_L32@zero#1     4.72   2454.3      nan      nan       ANE    2454.3      nan       0      0
      c3x3_fp16_L16@rand#2     4.72   1334.8      nan      nan       ANE    1334.8      nan       0      0
      c3x3_fp16_L32@rand#2     4.72   2440.0      nan      nan       ANE    2440.0      nan       0      0
      c3x3_ch50_L16@rand#2     4.73   1330.3      nan      nan       ANE    1330.3      nan       0      0
      c3x3_ch50_L32@rand#2     4.73   2462.5      nan      nan       ANE    2462.5      nan       0      0
       c3x3_lin_L16@rand#2     4.72   1310.2      nan      nan       ANE    1310.2      nan       0      0
       c3x3_lin_L32@rand#2     4.72   2468.0      nan      nan       ANE    2468.0      nan       0      0
      c3x3_nm24_L16@rand#2     2.70   1009.6      nan      nan       ANE    1009.6      nan       0      0
      c3x3_nm24_L32@rand#2     2.70   1815.3      nan      nan       ANE    1815.3      nan       0      0
      c3x3_nm34_L16@rand#2     1.49    636.9      nan      nan       ANE     636.9      nan       0      0
      c3x3_nm34_L32@rand#2     1.49   1074.8      nan      nan       ANE    1074.8      nan       0      0
       c3x3_s50_L16@rand#2     2.70   1003.2      nan      nan       ANE    1003.2      nan       0      0
       c3x3_s50_L32@rand#2     2.70   1798.8      nan      nan       ANE    1798.8      nan       0      0
       c3x3_s75_L16@rand#2     1.49    666.8      nan      nan       ANE     666.8      nan       0      0
       c3x3_s75_L32@rand#2     1.49   1053.8      nan      nan       ANE    1053.8      nan       0      0
       c3x3_s90_L16@rand#2     0.79    405.8      nan      nan       ANE     405.8      nan       0      0
       c3x3_s90_L32@rand#2     0.79    666.0      nan      nan       ANE     666.0      nan       0      0
       c3x3_z00_L16@rand#2     4.72   1391.1      nan      nan       ANE    1391.1      nan       0      0
       c3x3_z00_L32@rand#2     4.72   2586.4      nan      nan       ANE    2586.4      nan       0      0
       c3x3_z50_L16@rand#2     4.72   1393.3      nan      nan       ANE    1393.3      nan       0      0
       c3x3_z50_L32@rand#2     4.72   2579.0      nan      nan       ANE    2579.0      nan       0      0
       c3x3_z75_L16@rand#2     4.72   1397.3      nan      nan       ANE    1397.3      nan       0      0
       c3x3_z75_L32@rand#2     4.72   2586.5      nan      nan       ANE    2586.5      nan       0      0
       c3x3_z90_L16@rand#2     4.72   1390.5      nan      nan       ANE    1390.5      nan       0      0
       c3x3_z90_L32@rand#2     4.72   2600.5      nan      nan       ANE    2600.5      nan       0      0
       c3x3_zch_L16@rand#2     4.72   1391.2      nan      nan       ANE    1391.2      nan       0      0
       c3x3_zch_L32@rand#2     4.72   2598.1      nan      nan       ANE    2598.1      nan       0      0
      c3x3_fp16_L16@chan#2     4.72   1301.3      nan      nan       ANE    1301.3      nan       0      0
      c3x3_fp16_L32@chan#2     4.72   2459.5      nan      nan       ANE    2459.5      nan       0      0
       c3x3_lin_L16@chan#2     4.72   1304.7      nan      nan       ANE    1304.7      nan       0      0
       c3x3_lin_L32@chan#2     4.72   2434.8      nan      nan       ANE    2434.8      nan       0      0
      c3x3_fp16_L16@half#2     4.72   1326.6      nan      nan       ANE    1326.6      nan       0      0
      c3x3_fp16_L32@half#2     4.72   2484.2      nan      nan       ANE    2484.2      nan       0      0
       c3x3_lin_L16@half#2     4.72   1318.0      nan      nan       ANE    1318.0      nan       0      0
       c3x3_lin_L32@half#2     4.72   2435.3      nan      nan       ANE    2435.3      nan       0      0
      c3x3_fp16_L16@zero#2     4.72   1320.6      nan      nan       ANE    1320.6      nan       0      0
      c3x3_fp16_L32@zero#2     4.72   2452.2      nan      nan       ANE    2452.2      nan       0      0
       c3x3_lin_L16@zero#2     4.72   1312.0      nan      nan       ANE    1312.0      nan       0      0
       c3x3_lin_L32@zero#2     4.72   2445.0      nan      nan       ANE    2445.0      nan       0      0

            形状_版本@输入#轮       L  KERN/层 MB    每层 µs     每层(任务)     相对   有效 TFLOPS   等效读 GB/s
      c1x1_fp16@rand#1  32→128      0.524     4.27        nan   1.00        15.7           
      c1x1_ch50@rand#1  32→128      0.541     4.23        nan   0.99        15.9           
       c1x1_lin@rand#1  32→128      0.524     4.33        nan   1.02        15.5           
      c1x1_nm24@rand#1  32→128      0.311     2.97        nan   0.70        22.6           
      c1x1_nm34@rand#1  32→128      0.180     1.91        nan   0.45        35.2           
       c1x1_s50@rand#1  32→128      0.311     2.95        nan   0.69        22.8           
       c1x1_s75@rand#1  32→128      0.180     1.89        nan   0.44        35.5           
       c1x1_s90@rand#1  32→128      0.098     1.45        nan   0.34        46.2           
       c1x1_z00@rand#1  32→128      0.524     5.04        nan   1.18        13.3           
       c1x1_z50@rand#1  32→128      0.524     5.17        nan   1.21        13.0           
       c1x1_z75@rand#1  32→128      0.524     5.04        nan   1.18        13.3           
       c1x1_z90@rand#1  32→128      0.524     5.13        nan   1.20        13.1           
       c1x1_zch@rand#1  32→128      0.524     4.93        nan   1.15        13.6           
      c1x1_fp16@chan#1  32→128      0.524     4.37        nan   1.02        15.4           
       c1x1_lin@chan#1  32→128      0.524     4.55        nan   1.07        14.8           
      c1x1_fp16@half#1  32→128      0.524     4.24        nan   0.99        15.8           
       c1x1_lin@half#1  32→128      0.524     4.36        nan   1.02        15.4           
      c1x1_fp16@zero#1  32→128      0.524     4.28        nan   1.00        15.7           
       c1x1_lin@zero#1  32→128      0.524     4.30        nan   1.01        15.6           
      c1x1_fp16@rand#2  32→128      0.524     4.38        nan   1.00        15.3           
      c1x1_ch50@rand#2  32→128      0.541     4.54        nan   1.03        14.8           
       c1x1_lin@rand#2  32→128      0.524     4.40        nan   1.00        15.2           
      c1x1_nm24@rand#2  32→128      0.311     2.96        nan   0.67        22.7           
      c1x1_nm34@rand#2  32→128      0.180     1.93        nan   0.44        34.7           
       c1x1_s50@rand#2  32→128      0.311     2.97        nan   0.68        22.6           
       c1x1_s75@rand#2  32→128      0.180     1.95        nan   0.45        34.4           
       c1x1_s90@rand#2  32→128      0.098     1.42        nan   0.32        47.3           
       c1x1_z00@rand#2  32→128      0.524     5.29        nan   1.21        12.7           
       c1x1_z50@rand#2  32→128      0.524     5.01        nan   1.14        13.4           
       c1x1_z75@rand#2  32→128      0.524     4.97        nan   1.13        13.5           
       c1x1_z90@rand#2  32→128      0.524     4.91        nan   1.12        13.7           
       c1x1_zch@rand#2  32→128      0.524     4.99        nan   1.14        13.4           
      c1x1_fp16@chan#2  32→128      0.524     4.28        nan   0.98        15.7           
       c1x1_lin@chan#2  32→128      0.524     4.38        nan   1.00        15.3           
      c1x1_fp16@half#2  32→128      0.524     4.27        nan   0.97        15.7           
       c1x1_lin@half#2  32→128      0.524     4.42        nan   1.01        15.2           
      c1x1_fp16@zero#2  32→128      0.524     4.24        nan   0.97        15.8           
       c1x1_lin@zero#2  32→128      0.524     4.25        nan   0.97        15.8           
      c3x3_fp16@rand#1   16→32      4.719    70.05        nan   1.00        17.2           
      c3x3_ch50@rand#1   16→32      4.735    71.19        nan   1.02        17.0           
       c3x3_lin@rand#1   16→32      4.719    70.62        nan   1.01        17.1           
      c3x3_nm24@rand#1   16→32      2.703    50.39        nan   0.72        24.0           
      c3x3_nm34@rand#1   16→32      1.491    27.62        nan   0.39        43.7           
       c3x3_s50@rand#1   16→32      2.703    50.96        nan   0.73        23.7           
       c3x3_s75@rand#1   16→32      1.491    27.61        nan   0.39        43.7           
       c3x3_s90@rand#1   16→32      0.786    15.55        nan   0.22        77.7           
       c3x3_z00@rand#1   16→32      4.719    74.44        nan   1.06        16.2           
       c3x3_z50@rand#1   16→32      4.719    74.48        nan   1.06        16.2           
       c3x3_z75@rand#1   16→32      4.719    74.48        nan   1.06        16.2           
       c3x3_z90@rand#1   16→32      4.719    77.68        nan   1.11        15.6           
       c3x3_zch@rand#1   16→32      4.719    74.41        nan   1.06        16.2           
      c3x3_fp16@chan#1   16→32      4.719    70.77        nan   1.01        17.1           
       c3x3_lin@chan#1   16→32      4.719    68.87        nan   0.98        17.5           
      c3x3_fp16@half#1   16→32      4.719    71.16        nan   1.02        17.0           
       c3x3_lin@half#1   16→32      4.719    68.72        nan   0.98        17.6           
      c3x3_fp16@zero#1   16→32      4.719    70.86        nan   1.01        17.0           
       c3x3_lin@zero#1   16→32      4.719    70.28        nan   1.00        17.2           
      c3x3_fp16@rand#2   16→32      4.719    69.08        nan   1.00        17.5           
      c3x3_ch50@rand#2   16→32      4.735    70.76        nan   1.02        17.1           
       c3x3_lin@rand#2   16→32      4.719    72.36        nan   1.05        16.7           
      c3x3_nm24@rand#2   16→32      2.703    50.36        nan   0.73        24.0           
      c3x3_nm34@rand#2   16→32      1.491    27.37        nan   0.40        44.1           
       c3x3_s50@rand#2   16→32      2.703    49.72        nan   0.72        24.3           
       c3x3_s75@rand#2   16→32      1.491    24.19        nan   0.35        49.9           
       c3x3_s90@rand#2   16→32      0.786    16.26        nan   0.24        74.3           
       c3x3_z00@rand#2   16→32      4.719    74.71        nan   1.08        16.2           
       c3x3_z50@rand#2   16→32      4.719    74.11        nan   1.07        16.3           
       c3x3_z75@rand#2   16→32      4.719    74.33        nan   1.08        16.3           
       c3x3_z90@rand#2   16→32      4.719    75.62        nan   1.09        16.0           
       c3x3_zch@rand#2   16→32      4.719    75.43        nan   1.09        16.0           
      c3x3_fp16@chan#2   16→32      4.719    72.39        nan   1.05        16.7           
       c3x3_lin@chan#2   16→32      4.719    70.63        nan   1.02        17.1           
      c3x3_fp16@half#2   16→32      4.719    72.35        nan   1.05        16.7           
       c3x3_lin@half#2   16→32      4.719    69.83        nan   1.01        17.3           
      c3x3_fp16@zero#2   16→32      4.719    70.72        nan   1.02        17.1           
       c3x3_lin@zero#2   16→32      4.719    70.81        nan   1.03        17.1           

######## m6_v2/err.txt：ANE 与 CPU 输出对比（同一剪枝模型、同一随机输入，L16）
                模型    输出 RMS     最大误差/RMS   误差 RMS/RMS
     c1x1_ch50_L16    0.5035       0.0815       0.0083
     c1x1_fp16_L16    0.7052       0.0689       0.0091
      c1x1_lin_L16    1.0147       0.0650       0.0134
     c1x1_nm24_L16    0.7183       0.0381       0.0058
     c1x1_nm34_L16    0.7187       0.0272       0.0041
      c1x1_s50_L16    0.7203       0.0556       0.0072
      c1x1_s75_L16    0.7179       0.0381       0.0060
      c1x1_s90_L16    0.6947       0.0253       0.0030
     c3x3_ch50_L16    0.5266       0.2225       0.0208
     c3x3_fp16_L16    0.7474       0.1803       0.0244
      c3x3_lin_L16    1.0156       0.2500       0.0391
     c3x3_nm24_L16    0.7491       0.1617       0.0199
     c3x3_nm34_L16    0.7460       0.1073       0.0153
      c3x3_s50_L16    0.7288       0.1554       0.0181
      c3x3_s75_L16    0.7389       0.1269       0.0165
      c3x3_s90_L16    0.7395       0.0766       0.0096
      c3x3_z00_L16    0.7727       0.2515       0.0391
      c3x3_z50_L16    0.5311       0.2795       0.0295
      c3x3_z75_L16    0.3885       0.2740       0.0224
      c3x3_z90_L16    0.2372       0.3170       0.0160
      c3x3_zch_L16    0.5530       0.2499       0.0281
    m2048_fp16_L16    0.7016       0.1155       0.0190
    m2048_nm24_L16    0.6975       0.0854       0.0132
    m2048_nm34_L16    0.6906       0.0594       0.0102
     m2048_s50_L16    0.6823       0.1013       0.0132
   m2048_s50p4_L16    0.6599       0.0059       0.0009
     m2048_s75_L16    0.6796       0.0690       0.0100
     m2048_s90_L16    0.6732       0.0392       0.0064
