1746.1
1676.4
1673.1
1652.5
1664.2
1678.9
1658.1
1660.3
1660.6
1680.8
1674.8
1649.5
1656.0
1647.0
1660.8
1638.1
1672.4
1675.3
1650.5
1649.4
1646.3
1663.5
1650.7
1650.0
1654.6
1655.5
1689.8
1670.0
1650.9
1650.1
1654.3
1647.9
1648.7
1666.8
1658.0
1650.4
1710.4
1661.4
1668.3
1655.5
1660.8
1655.2
1652.6
1648.4
1641.9
1676.5
1663.6
1646.5
1648.0
1659.1
1653.4
1661.2
1685.8
1660.2
1656.9
1644.7
1664.3
1660.1
1659.2
1656.8
1645.2
1647.3
1655.6
1655.1
1646.4
1649.2
1652.2
1675.1
1678.7
1660.1
1622.0
1636.2
1638.1
1648.1
1653.2
1643.6
1654.0
1665.5
1635.4
1655.1
1650.4
1646.6
1657.4
1652.4
1658.3
1649.5
1651.4
1659.0
1648.9
1649.0
1648.5
1652.8
1648.4
1654.2
1652.0
1656.1
1666.5
1659.1
1656.3
1651.4
1656.5
1662.1
1649.4
1664.6
1646.1
1646.4
1651.5
1658.9
1661.8
1664.1
1657.1
1671.3
1655.1
1648.4
1654.3
1647.7
1649.7
1663.4
1653.9
1649.1
1656.2
1654.8
1675.5
1648.5
1648.7
1652.8
1649.2
1661.7
1647.1
1647.7
1652.0
1660.5
1646.1
1652.4
1646.2
1650.3
1652.1
1661.8
1652.1
1653.8
1649.7
1652.0
1649.4
1653.6
1659.8
1647.4
1660.8
1653.1
1657.2
1648.6
1650.5
1646.0
1655.8
1656.2
1668.6
1653.0
1672.7
1685.3
1668.8
1653.4
1652.2
1655.1
1652.2
1648.7
1649.4
1650.6
1647.2
1645.5
1651.2
1650.3
1650.8
1645.1
1672.8
1645.6
1649.6
1648.3
1647.0
1671.0
1650.7
1646.5
1644.3
1645.2
1661.6
1647.8
1645.2
1653.6
1645.7
1664.0
1658.2
1656.2
1657.8
1642.3
1652.8
1643.7
1651.2
1649.2
1645.9
1693.0
1664.2
1646.9
1650.8
1661.1
1653.3
1651.9
1645.1
1650.9
1649.2
1663.2
1660.7
1688.1
1647.5
1653.2
1646.3
1651.6
1651.7
1650.2
1646.6
1657.3
1669.2
1647.5
1648.7
1643.0
1650.9
1655.3
1652.3
1643.4
1652.2
1776.7
1685.8
1640.5
1657.1
1652.3
1654.6
1648.5
1649.0
1661.6
1649.2
1654.8
1672.3
1658.8
1663.6
1646.0
1680.6
1639.7
1655.0
1648.1
1667.9
1661.1
1656.2
1651.0
1648.6
1650.7
1656.8
1661.1
1660.0
1650.0
1651.6
1650.2
1661.8
1652.1
1650.4
1649.1
1651.2
1642.0
1651.4
1644.4
1650.3
1665.1
1655.5
1652.2
1646.9
1644.1
1664.2
1663.1
1667.1
1650.0
1654.6
1658.3
1656.4
1647.0
1644.0
1651.5
1640.7
1649.8
1655.0
1660.9
1655.1
1648.4
1653.5
1658.6
1660.0
1653.1
1644.5
1652.7
1650.4
1647.2
1652.4
1653.6
1659.2
1667.3
1637.4
1644.1
1652.5
1655.0
1657.7
1650.8
1652.9
1694.2
1680.8
1647.0
1648.5
1659.0
1647.1
1649.1
1644.2
1650.1
1653.4
1656.8
1674.5
1664.5
1676.1
1647.4
1647.6
1649.7
1646.4
1650.8
1652.5
1654.1
1667.0
1653.0
1679.9
1654.7
1644.5
1651.0
1650.6
1651.0
1654.8
1645.1
1666.4
1646.8
1648.2
1644.3
1643.2
1640.3
1651.2
1648.0
1648.6
1645.6
1646.8
1660.4
1644.0
1655.1
1651.7
1644.8
1649.1
1656.0
1649.8
1657.0
1676.6
1692.7
1664.3
1667.0
1662.7
1655.2
1653.1
1656.6
1662.0
1647.5
1645.2
1652.2
1656.9
1647.8
1649.0
1653.7
1667.0
1648.4
1649.5
1648.8
1649.8
1663.8
1657.4
1655.2
1651.8
1647.0
1649.1
1646.4
1645.5
1649.5
1641.4
1677.0
1641.0
1661.8
1802.1
1688.1
1714.0
1662.4
1701.2
1638.9
1647.2
1639.5
1633.2
1661.0
1654.5
1632.0
1619.8
1651.4
1643.2
1649.9
1657.0
1650.5
1654.1
1643.0
1652.8
1653.5
1654.8
1649.5
1647.2
1642.6
1664.9
1653.9
1648.6
1652.5
1647.2
1645.9
1652.4
1640.8
1648.7
1652.6
1642.9
1648.8
1649.0
1648.8
1670.5
1638.6
1649.2
1649.1
1653.8
1644.2
1653.4
1704.5
1685.2
1670.2
1660.3
1663.4
1655.2
1647.0
1651.4
1644.8
1649.0
1647.6
1651.9
1643.1
1650.5
1648.5
1649.0
1651.7
1638.8
1649.8
1659.6
1662.0
1656.7
1640.6
1652.0
1650.6
1661.0
1647.2
1641.1
1648.9
1655.3
1651.8
1649.5
1651.8
1653.2
1655.8
1656.4
1666.2
1651.0
1649.1
1643.0
1671.6
1658.4
1658.2
1660.1
1656.4
1650.0
1646.5
1646.4
1670.2
1655.8
1646.8
1663.2
1632.5
1649.0
1651.4
1650.5
1653.0
1651.8
1648.9
1653.3
1664.1
1661.8
1652.1
1646.9
1647.6
1644.8
1649.9
1649.5
1649.0
1648.4
1647.3
1656.2
1646.6
1660.1
1646.5
1652.4
1656.5
1656.9
1655.4
1666.1
1670.2
1688.1
1647.7
1646.8
1651.5
1649.3
1648.9
1648.7
1649.0
1646.5
1652.6
1661.2
1655.1
1650.4
1645.5
1649.3
1648.8
1646.7
1645.2
1649.0
1658.8
1656.8
1647.5
1648.5
1647.5
1650.0
1653.7
1640.2
1647.8
1646.6
1663.4
1653.8
1641.8
1649.8
1645.3
1649.8
1649.2
1649.2
1649.0
1648.8
1653.2
1662.0
1675.9
1638.1
1657.5
1664.3
1656.5
1647.8
1648.5
1651.0
1652.8
1648.2
1664.2
1680.1
1648.5
1653.0
1653.9
1652.4
1645.0
1654.6
1660.3
1664.1
1661.0
1648.5
1645.0
1659.0
1664.5
1651.8
1654.3
1646.0
1650.2
1650.7
1657.8
1688.8
1652.1
1660.5
1644.5
1665.8
1649.7
1642.9
1647.7
1672.6
1653.2
1671.5
1666.4
1648.5
1649.2
1655.5
1648.5
1648.5
1650.4
1653.1
1651.7
1649.0
1649.1
1654.0
1653.5
1649.1
1647.8
1656.9
1658.0
1654.9
1682.8
1648.2
1648.0
1646.3
1645.2
1668.5
1646.3
1650.9
1648.3
1652.5
1649.5
1646.0
1647.2
1650.9
1651.4
1661.2
1651.3
1645.1
1673.5
1655.1
1659.2
1650.7
1655.7
1663.8
1650.4
1650.5
1650.3
1651.2
1648.8
1653.4
1647.8
1649.9
1651.0
1650.6
1653.4
1659.5
1659.6
1651.4
1649.0
1648.5
1658.4
1647.7
1657.5
1650.5
1643.5
1650.6
1649.9
1653.7
1655.6
1658.0
1660.7
1655.5
1650.5
1645.5
1649.4
1650.4
1649.4
1644.8
1646.9
1653.8
1662.2
1653.8
1644.5
1646.6
1658.1
1659.8
1648.4
1648.4
1658.1
1658.8
1649.8
1647.0
1646.3
1649.5
1648.5
1647.7
1643.4
1650.0
1648.9
1653.0
1664.9
1665.3
1658.0
1645.7
1655.0
1645.7
1648.8
1650.3
1640.5
1644.1
1650.4
1645.8
1646.4
1656.4
1646.7
1652.7
1645.5
1654.2
1648.4
1649.6
1660.8
1605.8
1646.1
1650.6
1652.2
1656.8
1637.5
1645.3
1650.7
1655.1
1649.7
1648.3
1645.9
1643.2
1649.7
1646.7
1649.2
1643.1
1651.9
1653.4
1652.8
1659.3
1662.2
1654.7
1650.9
1650.2
1668.0
1673.8
1663.5
1657.1
1662.0
1668.0
1645.4
1654.5
1652.9
1652.5
1647.0
1643.9
1649.5
1644.5
1661.8
1679.6
1667.9
1646.1
1654.3
1657.0
1644.4
1655.7
1668.2
1654.5
1647.0
1656.2
1652.8
1647.4
1650.7
1649.5
1645.9
1646.8
1650.8
1649.1
1651.3
1662.5
1651.7
1649.0
1646.5
1644.6
1647.6
1644.9
1644.6
1646.7
1649.5
1654.3
1649.2
1644.6
1662.6
1646.2
1655.7
1652.0
1653.8
1654.4
1651.4
1650.4
1664.5
1646.2
1652.9
1672.3
1649.2
1644.0
1650.0
1650.8
1650.4
1653.1
1653.2
1649.8
1654.8
1655.1
1645.0
1643.5
1659.1
1648.8
1653.9
1664.5
1649.8
1651.6
1648.0
1651.9
1643.2
1641.1
1650.7
1654.7
1648.7
1670.8
1648.2
1647.0
1652.4
1648.8
1655.5
1644.1
1648.2
1645.0
1669.6
1684.2
1698.0
1672.0
1654.5
1651.0
1653.7
1642.7
1654.8
1654.6
1650.2
1651.3
1649.2
1652.1
1650.7
1659.1
1651.9
1646.3
1675.6
1661.6
1650.5
1656.0
1667.2
1664.9
1650.0
1651.5
1642.6
1647.5
1640.4
1652.1
1648.8
1654.8
1660.5
1657.3
1662.8
1653.7
1655.0
1649.4
1642.0
1651.1
1656.0
1660.8
1674.3
1657.5
1679.0
1651.2
1651.4
1649.5
1649.8
1647.0
1647.7
1647.2
1656.5
1642.7
1652.2
1650.1
1649.8
1643.2
1639.5
1648.8
1654.0
1652.9
1654.2
1643.2
1650.8
1653.4
1644.6
1667.3
1651.7
1651.1
1644.8
1649.3
1652.4
1639.6
1654.0
1647.6
1660.2
1656.9
1655.8
1673.5
1668.2
1640.0
1655.2
1671.4
1653.5
1654.7
1646.3
1650.7
1651.1
1648.4
1645.6
1647.9
1658.4
1649.8
1645.2
1649.8
1650.8
1650.2
1639.6
1643.4
1649.4
1652.5
1659.5
1652.3
1648.9
1645.8
1649.7
1653.8
1653.9
1656.2
1646.7
1654.6
1647.4
1661.6
1660.4
1644.7
1649.5
1654.1
1648.1
1649.9
1650.9
1656.2
1701.3
1703.6
1667.2
1652.6
1673.9
1648.3
1655.5
1645.9
1641.4
1655.5
1657.9
1648.1
1657.4
1655.6
1646.8
1650.0
1651.5
1655.0
1640.3
1652.5
1656.5
1670.3
1651.6
1643.8
1650.0
1653.0
1644.7
1644.7
1648.1
1646.6
1661.1
1659.0
1661.9
1650.2
1657.2
1654.6
1649.6
1663.6
1647.3
1644.8
1654.3
1662.6
1656.5
1650.6
1657.4
1654.2
1652.0
1663.8
1651.6
1660.2
1683.8
1657.2
1674.8
1698.6
1698.4
1651.9
1613.9
1584.3
1597.2
1610.6
1577.2
1569.8
1599.5
1660.3
1657.8
1646.5
1655.2
1648.8
1659.3
1660.1
1642.1
1659.9
1682.0
1629.0
1651.6
1653.0
1674.1
1693.0
1672.0
1666.0
1624.4
1714.0
1643.2
1615.3
1640.1
1648.2
1662.1
1632.5
1629.8
1655.7
1651.9
1650.8
1646.3
1649.3
1647.0
1650.4
1647.7
1645.7
1648.8
1644.6
1640.8
1677.3
1662.4
1648.9
1649.3
1642.3
1647.0
1655.0
1648.2
1652.9
1632.4
1651.1
1659.8
1658.2
1648.3
1663.0
1648.8
1621.9
1601.7
1565.3
1522.4
1532.5
1580.9
1596.5
1545.7
1537.6
1495.4
1484.1
1473.2
1472.6
1570.2
1643.4
1658.9
1652.2
1650.8
1642.7
1649.7
1646.7
1649.5
1647.8
1645.0
1651.8
1659.5
1671.2
1656.1
1671.0
1644.1
1646.1
1644.5
1648.4
1647.6
1648.6
1645.6
1655.6
1656.2
1653.2
1647.3
1657.5
1656.3
1652.8
1644.0
1640.8
1622.0
1640.8
1610.2
1563.8
1601.8
1647.6
1651.3
1664.5
1649.8
1643.6
1658.3
1650.9
1649.6
1697.7
1725.4
1659.5
1646.0
1648.0
1650.1
1659.2
1645.7
1646.9
1663.0
1648.6
1648.6
1647.2
1653.5
1675.5
1649.4
1651.5
1663.6
1648.8
1645.6
1649.7
1642.3
1659.6
1646.6
1661.6
1677.7
1659.9
1668.8
1660.3
1666.5
1660.5
1651.8
1657.5
1659.0
1652.1
1673.8
1648.5
1650.6
1660.0
1646.7
1652.8
1647.3
1670.2
1658.8
1646.2
1662.0
1654.5
1646.4
1667.3
1661.3
1649.6
1646.2
1641.5
1649.6
1654.9
1645.5
1656.4
1651.7
1658.7
1668.7
1663.5
1658.6
1661.8
1651.6
1655.2
1657.1
1647.4
1651.8
1671.8
1666.2
1663.2
1644.8
1650.9
1659.5
1653.5
1658.1
1654.8
1652.9
1648.0
1646.5
1647.9
1651.6
1654.3
1653.8
1651.7
1649.3
1658.5
1651.2
1654.5
1652.2
1645.7
1650.1
1649.7
1653.0
1646.6
1676.0
1652.9
1648.7
1657.5
1642.6
1648.6
1672.0
1662.2
1662.6
1664.9
1664.2
1660.9
1660.3
1646.2
1678.2
1648.6
1651.1
1648.9
1649.7
1647.2
1651.2
1649.4
1644.6
1662.0
1651.0
1661.9
1651.5
1651.3
1649.9
1657.5
1647.0
1649.5
1643.1
1651.1
1660.4
1649.0
1647.1
1646.9
1644.5
1651.8
1655.9
1648.8
1651.7
1650.1
1654.0
1660.0
1647.6
1649.8
1656.2
1660.1
1653.4
1660.2
1657.1
1648.8
1691.3
1685.6
1677.0
1653.2
1644.9
1646.9
1649.0
1649.9
1658.5
1647.9
1665.9
1651.0
1651.3
1664.5
1653.3
1650.4
1657.6
1648.4
1643.8
1653.4
1678.0
1659.3
1649.5
1647.6
1657.8
1652.7
1648.8
1662.7
1664.4
1666.3
1681.5
1646.2
1667.0
1653.3
1646.2
1649.7
1645.3
1654.4
1648.6
1648.5
1701.9
1663.8
1652.3
1654.1
1657.2
1668.2
1656.9
1649.5
1654.7
1642.6
1656.9
1646.0
1650.0
1650.7
1653.0
1648.7
1647.8
1653.2
1647.1
1647.0
1653.4
1684.2
1661.1
1659.1
1648.6
1649.0
1652.7
1652.1
1648.7
1636.2
1659.0
1661.0
1655.1
1650.8
1650.2
1683.7
1643.8
1632.0
1633.3
1649.2
1656.0
1655.8
1673.0
1637.5
1646.3
1647.6
1648.4
1656.0
1644.2
1649.4
1650.9
1645.6
1644.2
1658.2
1649.9
1653.8
1650.0
1651.4
1648.0
1649.8
1695.8
1660.5
1644.5
1648.4
1650.6
1651.0
1650.6
1656.1
1654.2
1648.9
1654.7
1656.4
1654.8
1649.1
1654.3
1654.2
1687.2
1647.9
1652.8
1643.0
1662.4
1686.4
1660.5
1652.2
1645.0
1644.7
1648.8
1649.8
1648.1
1654.4
1652.7
1648.4
1647.8
1649.6
1649.7
1643.2
1648.8
1653.3
1649.5
1642.7
1645.9
1658.8
1670.8
1647.8
1639.5
1650.4
1655.3
1650.1
1645.8
1647.7
1662.5
1659.5
1654.3
1644.7
1642.8
1651.3
1648.9
1660.0
1661.9
1645.2
1647.8
1672.0
1656.7
1650.7
1645.8
1659.4
1653.2
1657.6
1647.3
1653.0
1660.4
1642.5
1644.0
1647.4
1644.2
1655.5
1645.8
1648.8
1656.8
1671.8
1656.5
1658.5
1663.6
1655.6
1651.7
1650.9
1649.5
1649.7
1648.8
1642.3
1654.2
1646.7
1663.2
1661.0
1650.4
1646.3
1661.0
1771.5
1703.3
1667.7
1658.3
1659.2
1650.9
1645.2
1651.5
1652.0
1646.5
1648.3
1650.7
1647.6
1647.8
1646.6
1660.6
1645.1
1648.3
1646.5
1649.5
1648.9
1650.7
1644.4
1648.3
1658.3
1663.8
1652.4
1649.7
1648.8
1656.9
1659.4
1653.4
1650.0
1656.3
1660.7
1656.3
1648.0
1651.1
1653.8
1645.1
1649.1
1648.5
1652.5
1657.0
1666.5
1693.5
1657.6
1649.9
1658.1
1649.5
1642.6
1652.6
1649.2
1651.2
1659.5
1647.6
1650.7
1653.2
1649.6
1652.7
1644.2
1657.2
1643.7
1661.0
1644.9
1680.0
1644.6
1648.0
1647.2
1647.9
1647.3
1653.8
1660.9
1646.7
1650.5
1654.0
1662.5
1651.0
1658.2
1657.2
1649.8
1650.0
1646.3
1644.9
1659.7
1651.8
1649.6
1643.6
1651.2
1650.1
1650.7
1652.2
1647.1
1648.5
1651.5
1651.2
1648.7
1649.1
1646.6
1650.3
1642.6
1651.0
1647.7
1649.6
1650.7
1659.6
1672.6
1655.5
1646.9
1647.7
1667.6
1655.7
1647.8
1650.2
1652.2
1649.8
1647.9
1646.7
1650.5
1670.4
1655.5
1645.3
1659.3
1648.9
1650.5
1715.4
1706.5
1652.3
1650.7
1652.7
1650.5
1649.2
1657.7
1648.2
1650.3
1655.9
1650.7
1653.5
1657.8
1654.7
1645.7
1645.7
1644.3
1653.2
1651.8
1658.3
1660.9
1649.7
1646.2
1651.7
1653.8
1646.9
1649.6
1651.3
1647.3
1659.5
1671.4
1652.7
1651.7
1649.1
1656.1
1651.3
1651.8
1650.8
1663.5
1679.4
1669.3
1653.3
1656.7
1648.8
1647.5
1644.4
1636.8
1651.1
1649.7
1652.6
1659.7
1643.0
1650.4
1657.3
1648.5
1646.5
1652.0
1644.8
1646.5
1657.8
1684.4
1645.7
1649.8
1647.3
1649.7
1645.5
1649.4
1647.7
1648.8
1696.8
1700.3
1704.4
1651.8
1691.3
1636.8
1640.6
1613.0
1649.6
1647.6
1651.2
1656.5
1665.3
1630.3
1660.1
1657.9
1653.9
1656.8
1644.0
1655.9
1650.1
1657.9
1643.1
1650.7
1647.5
1646.9
1648.1
1647.8
1644.3
1648.0
1644.9
1677.8
1657.0
1644.5
1648.8
1647.6
1647.1
1654.0
1649.2
1645.5
1647.0
1651.2
1648.7
1648.5
1647.8
1647.0
1648.6
1652.2
1654.2
1658.2
1648.2
1667.6
1671.4
1656.5
1650.5
1647.3
1650.9
1658.2
1650.4
1648.9
1648.8
1651.7
1644.9
1648.7
1648.0
1649.5
1646.5
1650.3
1650.6
1648.8
1656.4
1657.8
1655.4
1652.5
1682.2
1650.7
1648.6
1650.1
1646.8
1655.4
1660.3
1663.1
1653.8
1649.4
1651.3
1648.9
1649.3
1650.8
1652.4
1654.5
1654.9
1646.0
1668.3
1655.4
1646.4
1656.3
1662.4
1647.8
1637.1
1648.4
1649.8
1666.2
1652.6
1644.3
1656.9
1651.5
1650.2
1647.8
1649.5
1648.4
1641.8
1648.7
1669.2
1667.0
1680.7
1649.2
1646.6
1653.2
1646.6
1655.4
1650.1
1649.8
1647.2
1641.8
1647.0
1666.3
1639.2
1652.9
1648.0
1653.9
1657.2
1653.7
1664.0
1644.2
1646.8
1649.2
1649.7
1659.2
1646.6
1641.3
1655.4
1649.2
1653.0
1648.0
1656.0
1655.4
1649.4
1654.8
1651.9
1650.2
1652.3
1645.2
1663.0
1656.6
1648.4
1655.5
1657.3
1655.5
1648.2
1650.2
1650.7
1653.2
1663.1
1649.7
1664.0
1739.2
1654.2
1675.9
1625.0
1648.7
1649.5
1656.9
1675.6
1686.2
1659.3
1644.4
1661.4
1649.9
1654.6
1651.8
1641.0
1646.0
1651.4
1649.1
1652.0
1640.5
1651.1
1647.1
1649.8
1651.6
1642.9
1647.1
1643.0
1651.8
1655.7
1647.1
1646.3
1648.0
1653.1
1658.2
1647.7
1650.3
1649.1
1678.4
1657.7
1646.2
1645.0
1651.3
1639.0
1654.5
1652.0
1649.5
1641.9
1662.0
1658.2
1656.5
1652.8
1671.8
1657.8
1647.8
1641.7
1651.1
1662.7
1658.3
1647.7
1645.9
1653.0
1655.1
1648.4
1647.5
1645.2
1655.5
1644.2
1669.8
1652.9
1645.6
1648.4
1646.3
1647.6
1650.5
1647.0
1647.2
1647.1
1648.1
1648.8
1646.6
1665.9
1650.1
1660.0
1655.1
1659.3
1658.0
1650.1
1653.8
1668.3
1649.3
1643.2
1654.5
1656.8
1649.5
1647.1
1647.0
1648.0
1651.9
1654.1
1648.3
1650.9
1648.8
1648.1
1648.0
1646.5
1652.4
1650.2
1666.4
1653.1
1658.1
1653.7
1647.7
1649.8
1655.5
1644.1
1645.8
1655.1
1655.1
1658.9
1651.3
1653.6
1648.4
1650.9
1654.2
1650.2
1648.3
1647.3
1663.7
1670.5
1657.2
1646.0
1658.0
1655.1
1651.0
1646.2
1648.0
1647.1
1650.1
1641.7
1648.8
1651.7
1658.5
1638.0
1642.9
1647.1
1648.4
1645.1
1656.8
1662.6
1648.4
1656.8
1647.6
1640.5
1649.8
1648.0
1646.4
1647.3
1651.1
1681.1
1644.2
1684.2
1672.3
1673.7
1629.0
1611.5
1601.8
1635.8
1657.0
1639.9
1630.0
1649.9
1631.0
1649.5
1647.6
1644.6
1649.7
1642.9
1648.8
1641.5
1645.6
1642.8
1648.8
1640.8
1651.8
1635.4
1649.2
1642.2
1651.8
1735.8
1759.9
1676.4
1657.9
1665.7
1647.5
1648.6
1656.2
1665.2
1646.8
1683.9
1775.8
1670.8
1660.4
1660.6
1650.0
1654.0
1655.3
1651.8
1680.1
1660.9
1658.1
1642.9
1646.3
1657.2
1656.6
1649.5
1647.5
1650.9
1651.2
1655.6
1645.1
1637.9
1652.3
1640.5
1646.4
1645.5
1650.3
1643.3
1643.0
1675.1
1656.8
1649.4
1646.9
1651.5
1649.0
1651.1
1647.3
1655.1
1653.0
1652.0
1643.8
1650.8
1646.8
1649.1
1647.9
1649.0
1647.4
1650.1
1666.8
1665.3
1692.2
1665.1
1649.2
1653.6
1670.1
1650.8
1651.9
1653.4
1650.3
1648.8
1651.4
1656.0
1649.5
1646.6
1656.1
1643.8
1653.3
1647.3
1649.4
1658.3
1662.4
1646.9
1655.8
1646.6
1645.2
1655.1
1655.5
1652.2
1653.8
1673.1
1647.8
1647.3
1653.1
1655.8
1657.8
1649.3
1643.1
1654.5
1651.8
1679.9
1684.1
1648.5
1641.3
1648.3
1649.8
1648.7
1642.1
1652.6
1643.0
1662.8
1655.2
1641.9
1648.8
1647.3
1652.6
1646.2
1643.0
1648.3
1645.3
1649.0
1697.0
1653.3
1658.8
1645.9
1648.0
1658.1
1642.9
1652.6
1644.6
1646.7
1659.7
1663.9
1648.9
1658.3
1649.2
1661.7
1647.7
1657.4
1667.2
1658.2
1659.4
1666.3
1645.9
1650.0
1649.0
1658.0
1658.7
1645.3
1648.8
1647.5
1662.0
1653.5
1653.4
1650.8
1649.5
1647.7
1649.5
1647.9
1653.2
1665.9
1682.8
1644.4
1647.5
1651.8
1648.2
1648.8
1664.2
1650.2
1651.2
1647.6
1656.0
1656.3
1646.8
1652.1
1653.7
1650.8
1646.2
1647.4
1649.5
1649.6
1705.9
1661.0
1658.3
1648.5
1653.3
1649.1
1650.9
1654.2
1651.1
1651.2
1651.3
1645.9
1648.8
1648.0
1663.3
1662.7
1644.5
1647.5
1648.0
1658.4
1676.2
1671.7
1660.0
1651.0
1654.2
1649.6
1641.7
1649.3
1651.0
1645.0
1651.7
1648.0
1650.2
1663.3
1653.5
1658.1
1656.9
1659.1
1644.6
1649.2
1654.9
1663.6
1648.3
1648.5
1651.0
1646.3
1647.4
1656.3
1650.3
1651.2
1652.2
1674.9
1650.3
1647.9
1650.4
1650.5
1648.1
1648.9
1657.8
1660.8
1653.9
1672.9
1644.3
1647.4
1649.0
1643.5
1649.3
1661.8
1657.7
1646.3
1649.0
1653.8
1648.9
1646.1
1648.2
1664.0
1648.3
1646.2
1651.2
1655.2
1649.6
1699.0
1666.9
1697.2
1672.6
1654.9
1640.3
1648.9
1649.9
1660.6
1655.4
1655.9
1648.3
1648.5
1641.0
1653.3
1646.6
1650.6
1646.7
1650.0
1648.2
1661.2
1671.6
1648.1
1649.5
1658.8
1646.4
1648.6
1648.0
1647.1
1649.0
1661.6
1651.2
1664.2
1660.2
1644.0
1648.6
1648.0
1660.7
1645.8
1650.0
1659.9
1673.6
1673.3
1662.2
1708.0
1631.6
1632.6
1635.7
1644.8
1645.4
1646.8
1651.1
1653.7
1647.6
1651.5
1646.4
1646.9
1653.3
1646.5
1672.9
1651.3
1667.7
1655.0
1642.0
1649.7
1645.1
1657.0
1647.8
1645.9
1647.6
1650.2
1641.2
1645.4
1648.5
1648.1
1659.3
1655.3
1659.1
1645.9
1650.2
1659.2
1665.3
1658.6
1651.5
1647.6
1653.5
1651.8
1655.1
1648.0
1644.9
1655.2
1679.0
1666.9
1678.9
1653.0
1651.8
1647.2
1650.4
1660.8
1643.6
1647.9
1665.6
1646.1
1646.0
1644.2
1673.5
1684.0
1663.7
1649.9
1653.3
1654.0
1650.3
1646.1
1651.8
1648.1
1646.8
1648.8
1654.2
1651.9
1653.2
1668.1
1674.5
1674.8
1664.6
1649.2
1649.0
1660.7
1648.9
1646.1
1651.1
1660.5
1648.6
1647.5
1654.5
1650.7
1647.6
1650.5
1657.8
1656.2
1645.5
1648.3
1652.1
1673.8
1649.2
1654.6
1680.0
1646.9
1645.7
1645.5
1648.2
1660.4
1651.7
1662.1
1695.2
1648.8
1658.3
1648.1
1657.2
1639.5
1647.6
1655.7
1657.3
1655.9
1651.0
1647.9
1649.8
1652.4
1648.0
1642.5
1646.8
1645.4
1650.0
1660.7
1649.4
1647.9
1647.0
1652.2
1654.7
1639.2
1653.8
1651.6
1660.2
1664.8
1653.8
1650.4
1653.4
1655.8
1669.5
1648.7
1649.1
1650.6
1651.2
1648.0
1644.8
1649.6
1655.2
1657.6
1647.5
1668.8
1645.7
1652.0
1664.0
1661.1
1649.5
1655.6
1651.1
1650.0
1648.2
1643.8
1649.7
1650.1
1653.7
1658.6
1648.8
1648.9
1657.2
1653.8
1652.3
1641.4
1649.9
1647.4
1658.0
1660.4
1651.7
1644.6
1657.0
1649.9
1660.2
1648.0
1646.1
1654.6
1660.3
1658.2
1649.9
1648.9
1662.7
1645.9
1656.7
1643.5
1651.8
1654.5
1685.3
1650.6
1689.6
1644.9
1646.3
1655.0
1647.7
1648.7
1651.9
1648.6
1649.2
1645.0
1649.5
1648.4
1644.9
1647.6
1648.7
1642.3
1648.2
1647.2
1643.7
1650.2
1657.9
1661.0
1662.9
1659.9
1655.8
1641.6
1649.2
1649.7
1654.1
1655.3
1645.8
1660.2
1650.5
1663.0
1652.7
1655.2
1655.6
1649.4
1657.9
1673.8
1660.7
1650.2
1649.0
1645.3
1652.7
1648.2
1651.1
1648.8
1652.4
1645.6
1651.5
1652.5
1653.8
1651.5
1646.2
1658.3
1651.0
1652.5
1672.0
1657.5
1672.1
1647.5
1649.9
1655.0
1651.9
1650.6
1655.9
1649.2
1653.7
1653.3
1651.9
1646.1
1651.9
1649.0
1649.9
1652.8
1653.7
1660.0
1664.3
1674.8
1666.7
1654.5
1654.2
1643.5
1647.5
1649.9
1649.6
1648.0
1654.5
1655.0
1655.8
1648.1
1646.6
1656.2
1644.8
1649.4
1650.4
1659.9
1650.8
1653.0
1661.5
1647.4
1655.9
1640.9
1643.5
1650.4
1646.0
1647.3
1648.2
1648.9
1660.5
1666.0
1665.4
1652.0
1648.2
1650.8
1649.7
1657.3
1671.4
1691.5
1692.6
1674.9
1627.3
1624.4
1625.0
1560.3
1585.2
1657.7
1647.5
1633.8
1628.7
1653.7
1644.2
1647.8
1649.2
1645.8
1647.3
1646.4
1644.7
1647.3
1682.7
1653.7
1648.4
1647.2
1647.8
1655.1
1651.8
1646.0
1650.6
1647.2
1673.4
1691.6
1654.1
1648.3
1664.5
1660.2
1675.5
1654.7
1650.5
1649.3
1656.5
1664.2
1647.4
1650.2
1646.9
1647.1
1659.7
1650.2
1645.0
1650.1
1652.0
1653.1
1649.9
1657.9
1654.3
1648.0
1650.5
1654.9
1651.5
1647.3
1652.0
1673.5
1647.2
1645.5
1651.5
1646.7
1656.1
1650.6
1648.3
1671.3
1649.0
1653.1
1650.2
1647.0
1646.5
1652.1
1657.1
1649.7
1658.7
1670.1
1677.3
1698.0
1643.5
1654.9
1649.5
1653.3
1656.8
1649.4
1657.8
1641.9
1652.0
1661.6
1656.8
1650.3
1648.0
1645.2
1652.9
1637.6
1648.3
1646.1
1663.8
1681.2
1652.1
1649.8
1652.8
1643.2
1647.8
1645.7
1645.1
1648.3
1656.4
1643.8
1650.4
1651.4
1638.3
1640.2
1647.2
1654.6
1644.6
1646.2
1654.7
1700.6
1657.9
1652.7
1659.6
1657.4
1652.1
1653.8
1655.0
1650.3
1648.0
1654.7
1657.1
1653.7
1648.2
1645.0
1651.2
1653.5
1656.5
1653.6
1653.5
1664.9
1669.5
1655.4
1655.4
1649.8
1647.5
1659.3
1653.5
1653.0
1655.8
1654.7
1648.7
1647.5
1659.8
1645.9
1654.8
1655.3
1669.8
1644.2
1649.2
1658.8
1665.3
1658.5
1643.9
1646.4
1639.0
1673.6
1643.1
1647.5
1652.8
1647.3
1649.5
1646.5
1650.7
1648.2
1650.2
1645.9
1652.5
1649.1
1647.9
1657.7
1683.2
1646.1
1647.4
1653.4
1646.2
1650.0
1646.8
1657.3
1648.9
1654.5
1655.5
1652.5
1647.6
1651.2
1652.2
1658.6
1650.7
1650.8
1662.7
1660.4
1672.3
1647.8
1649.0
1661.4
1652.7
1647.4
1648.3
1657.8
1654.9
1657.3
1654.4
1651.4
1645.8
1648.4
1646.8
1659.2
1659.7
1647.5
1644.8
1647.0
1662.0
1647.8
1657.2
1680.9
1651.4
1645.8
1657.8
1646.1
1657.7
1647.8
1671.8
1655.1
1651.4
1647.5
1643.4
1656.0
1652.0
1647.4
1650.1
1645.6
1666.7
1654.3
1661.6
1684.5
1647.6
1655.5
1652.6
1651.3
1648.4
1648.2
1714.8
1678.6
1656.8
1647.2
1659.3
1647.4
1655.0
1653.5
1648.9
1648.0
1675.8
1657.9
1649.8
1647.9
1648.9
1646.2
1650.8
1645.9
1648.9
1651.1
1651.2
1644.9
1644.6
1647.6
1647.3
1661.5
1652.0
1655.0
1644.5
1675.1
1654.8
1652.4
1645.8
1650.0
1652.0
1650.8
1659.5
1660.2
1650.5
1644.7
1664.2
1670.8
1662.3
1657.2
1652.4
1644.6
1654.3
1644.5
1647.7
1649.7
1672.6
1655.6
1644.5
1644.9
1650.1
1647.7
1647.6
1649.6
1649.8
1660.0
1646.4
1644.9
1649.0
1644.3
1642.5
1646.3
1649.8
1644.4
1649.2
1649.5
1664.3
1694.5
1692.9
1668.0
1630.8
1613.5
1635.2
1646.2
1652.2
1656.0
1673.4
1665.9
1680.0
1638.5
1649.2
1641.9
1649.8
1649.9
1648.5
1649.8
1653.2
1670.5
1644.5
1654.5
1649.5
1648.7
1646.5
1661.1
1647.7
1646.2
1650.0
1657.0
1658.7
1646.0
1657.9
1664.2
1668.8
1648.5
1650.8
1656.8
1654.1
1661.7
1648.8
1657.5
1647.7
1649.4
1650.0
1646.4
1649.1
1649.7
