1806.0
1570.4
1559.2
1567.6
1568.6
1540.5
1575.6
1551.9
1577.6
1545.3
1540.0
1543.7
1543.1
1554.1
1540.8
1547.8
1584.0
1547.8
1540.0
1547.0
1543.8
1549.0
1537.2
1551.2
1558.3
1551.5
1553.5
1545.2
1567.6
1547.2
1546.8
1544.4
1542.8
1547.8
1544.1
1541.0
1545.1
1551.2
1540.2
1542.2
1537.9
1543.7
1539.5
1545.7
1547.7
1540.5
1539.5
1541.0
1543.9
1540.8
1540.2
1542.0
1541.6
1547.0
1536.7
1541.5
1540.2
1542.0
1536.9
1543.5
1541.0
1545.4
1551.9
1563.9
1539.5
1566.3
1580.6
1606.2
1549.4
1547.4
1539.6
1561.8
1527.7
1557.2
1506.1
1539.0
1541.0
1535.5
1536.9
1542.1
1551.2
1540.8
1539.2
1534.3
1540.7
1545.0
1550.7
1554.2
1540.8
1533.1
1540.0
1539.1
1546.5
1543.6
1539.5
1535.2
1561.2
1548.8
1536.6
1544.1
1534.9
1543.7
1561.1
1531.7
1540.5
1539.8
1546.4
1546.5
1542.2
1533.8
1569.8
1543.2
1546.9
1541.4
1541.2
1542.7
1539.6
1572.0
1541.0
1539.0
1541.8
1543.1
1543.2
1539.4
1537.7
1538.4
1553.7
1544.2
1539.9
1542.3
1539.5
1541.6
1537.6
1548.0
1531.6
1542.5
1535.0
1538.7
1539.5
1546.8
1539.0
1549.4
1538.1
1540.5
1542.1
1542.8
1556.0
1546.6
1530.9
1541.9
1542.3
1551.2
1543.2
1540.8
1535.9
1545.7
1542.2
1541.2
1537.0
1540.0
1541.2
1546.9
1531.6
1545.2
1537.0
1548.5
1542.7
1537.6
1539.8
1543.7
1534.9
1553.9
1538.4
1541.2
1536.2
1541.4
1532.4
1543.6
1540.2
1539.9
1538.9
1545.5
1541.2
1575.3
1540.9
1553.4
1548.5
1545.1
1533.5
1547.7
1533.2
1537.5
1544.6
1541.5
1542.1
1538.1
1534.7
1540.2
1540.9
1542.2
1551.0
1540.9
1533.2
1540.4
1543.2
1541.0
1537.8
1536.8
1537.8
1538.8
1546.2
1551.0
1539.4
1540.8
1546.8
1540.3
1535.1
1538.4
1536.8
1541.8
1564.0
1538.6
1542.6
1548.1
1553.2
1544.8
1541.2
1540.4
1542.5
1541.7
1533.6
1539.2
1531.4
1540.2
1539.9
1541.6
1538.3
1541.2
1540.8
1539.1
1541.6
1549.1
1537.3
1540.7
1557.7
1538.8
1535.2
1541.0
1538.1
1540.8
1538.8
1537.8
1539.0
1547.4
1536.1
1540.0
1534.4
1540.8
1541.1
1539.0
1544.2
1544.9
1534.6
1559.8
1543.0
1540.6
1541.5
1541.2
1542.7
1543.5
1540.0
1541.6
1537.0
1542.0
1536.4
1536.0
1539.1
1545.6
1537.6
1550.3
1539.4
1539.9
1538.2
1554.5
1560.6
1543.6
1533.9
1548.2
1526.4
1544.1
1534.2
1541.7
1538.0
1539.6
1538.7
1542.2
1539.1
1542.0
1538.5
1538.3
1553.4
1550.1
1545.4
1567.9
1541.9
1543.1
1536.3
1539.2
1546.0
1537.4
1537.6
1545.7
1545.5
1538.2
1526.0
1541.3
1533.8
1539.2
1546.8
1540.2
1540.3
1539.0
1556.7
1542.2
1542.3
1540.2
1541.0
1542.5
1537.1
1543.1
1537.6
1540.6
1538.9
1539.7
1538.8
1560.5
1537.0
1547.6
1540.4
1544.1
1538.2
1544.3
1556.5
1537.6
1540.0
1557.7
1542.4
1533.0
1539.2
1565.0
1540.1
1537.5
1535.2
1540.0
1545.6
1537.4
1536.0
1541.4
1542.2
1542.1
1539.8
1540.0
1535.8
1545.7
1540.7
1540.1
1542.6
1539.9
1537.9
1541.6
1531.6
1544.0
1532.8
1536.7
1537.8
1564.2
1530.6
1579.0
1550.4
1518.5
1526.5
1548.6
1535.5
1545.7
1534.5
1541.2
1513.4
1546.5
1535.7
1530.8
1541.2
1538.5
1539.7
1539.8
1539.5
1541.0
1542.6
1547.9
1535.6
1542.2
1542.6
1550.8
1535.8
1541.2
1537.6
1538.0
1537.9
1540.5
1540.8
1554.9
1539.6
1536.4
1538.2
1548.1
1536.2
1543.1
1548.8
1538.7
1544.3
1539.1
1543.1
1580.2
1544.2
1541.0
1538.7
1542.2
1552.8
1541.3
1530.8
1548.0
1549.1
1540.2
1539.0
1539.7
1538.2
1545.0
1545.1
1541.1
1540.8
1544.0
1538.0
1545.0
1534.4
1541.0
1540.4
1538.2
1546.0
1547.5
1538.7
1536.5
1541.2
1536.3
1552.6
1541.4
1533.2
1539.7
1546.5
1538.5
1534.8
1540.1
1554.0
1537.0
1540.0
1537.3
1543.6
1542.0
1542.7
1536.0
1540.4
1542.0
1532.3
1542.9
1535.6
1542.0
1540.2
1542.3
1531.4
1541.0
1537.4
1549.5
1547.7
1542.3
1538.5
1534.5
1535.7
1544.2
1540.1
1554.6
1538.0
1542.0
1542.6
1540.5
1536.4
1540.7
1538.8
1545.6
1543.2
1542.2
1542.7
1546.0
1537.1
1537.0
1537.3
1533.8
1537.5
1544.9
1534.0
1538.0
1543.0
1531.7
1540.0
1538.0
1530.6
1540.8
1540.5
1545.5
1556.5
1538.8
1539.4
1544.7
1542.0
1529.2
1539.8
1540.7
1564.7
1551.7
1540.9
1541.8
1541.6
1535.2
1538.0
1541.2
1539.5
1534.4
1571.9
1539.7
1549.4
1567.2
1540.7
1550.5
1536.9
1542.3
1535.4
1541.1
1541.7
1541.8
1539.5
1542.2
1538.2
1543.5
1552.5
1541.2
1536.3
1544.1
1546.8
1542.4
1541.0
1542.7
1556.5
1541.7
1565.9
1543.6
1548.5
1538.8
1542.0
1550.9
1581.9
1585.3
1531.7
1535.8
1542.3
1535.6
1539.2
1544.9
1536.8
1539.2
1539.1
1543.3
1562.2
1550.1
1540.3
1536.1
1552.1
1534.8
1538.4
1534.3
1538.3
1538.7
1546.1
1535.9
1540.5
1540.8
1545.5
1540.0
1540.5
1540.9
1543.6
1541.6
1541.6
1535.0
1536.6
1541.8
1536.0
1546.3
1539.5
1540.6
1540.5
1547.9
1538.3
1540.7
1537.8
1562.6
1541.5
1532.9
1535.1
1542.8
1544.0
1543.7
1549.5
1554.7
1538.4
1536.1
1538.8
1537.9
1539.1
1534.1
1540.3
1531.5
1537.7
1539.2
1541.2
1551.2
1538.6
1556.8
1542.3
1535.0
1542.0
1553.1
1539.5
1536.7
1548.9
1534.2
1540.6
1539.2
1545.5
1561.9
1535.2
1543.6
1535.6
1540.8
1545.0
1542.2
1540.0
1536.4
1539.0
1546.4
1553.6
1550.6
1542.4
1545.9
1538.9
1533.9
1542.9
1543.3
1540.8
1540.5
1544.9
1535.0
1539.8
1534.5
1540.9
1539.5
1545.4
1540.6
1537.9
1543.8
1551.9
1540.2
1539.8
1536.0
1538.2
1533.9
1539.6
1542.5
1540.6
1543.2
1534.4
1543.2
1541.2
1613.1
1528.2
1537.7
1539.0
1532.8
1539.5
1553.2
1675.3
1587.4
1572.1
1566.6
1586.4
1575.0
1565.5
1585.1
1569.5
1614.9
1563.8
1598.3
1578.4
1568.6
1557.7
1562.1
1570.6
1590.8
1600.0
1671.9
1566.6
1622.9
1571.1
1579.1
1585.3
1576.7
1569.2
1582.4
1622.1
1573.3
1580.5
1560.8
1616.0
1605.0
1607.1
1659.7
1574.0
1619.8
1690.7
1566.6
1554.4
1554.8
1575.1
1574.0
1557.4
1562.6
1557.5
1619.0
1563.0
1583.5
1556.6
1560.7
1555.9
1557.4
1576.8
1588.7
1578.4
1674.9
1585.5
1564.2
1564.0
1576.3
1539.5
1571.2
1548.9
1542.5
1536.9
1537.1
1540.1
1538.0
1542.5
1539.7
1534.8
1536.6
1542.7
1536.4
1539.0
1563.0
1539.7
1544.8
1544.6
1539.1
1538.2
1542.8
1532.7
1538.2
1539.8
1538.0
1536.0
1540.9
1537.9
1543.3
1530.9
1539.4
1537.8
1537.1
1560.1
1545.8
1540.8
1539.9
1540.8
1546.7
1536.5
1542.3
1542.0
1547.9
1543.2
1538.4
1549.5
1543.4
1552.2
1536.5
1539.6
1538.5
1541.8
1540.8
1562.1
1542.0
1542.0
1541.0
1535.9
1536.5
1541.4
1540.8
1542.8
1542.2
1539.5
1540.2
1539.3
1531.8
1535.9
1541.0
1535.3
1540.5
1542.4
1549.8
1536.7
1540.6
1538.3
1541.6
1538.2
1559.8
1534.4
1536.0
1538.3
1545.3
1538.2
1538.0
1540.2
1534.8
1539.0
1536.6
1537.5
1541.0
1549.5
1563.5
1556.2
1543.3
1538.0
1550.0
1544.0
1540.3
1538.7
1541.8
1536.5
1533.4
1538.7
1541.1
1539.2
1537.9
1542.1
1540.5
1591.0
1546.6
1542.2
1611.9
1550.7
1540.6
1543.5
1539.2
1539.1
1536.0
1539.7
1554.1
1546.4
1534.3
1541.9
1540.7
1535.0
1534.2
1540.8
1538.2
1535.7
1538.1
1553.5
1545.8
1541.7
1533.9
1535.3
1541.8
1539.2
1534.8
1538.1
1541.5
1535.0
1541.6
1534.5
1539.9
1539.8
1534.6
1532.2
1546.2
1546.4
1548.1
1541.0
1547.3
1539.3
1540.0
1535.7
1540.2
1535.1
1537.1
1531.6
1544.5
1538.3
1538.8
1545.6
1541.8
1543.2
1537.0
1545.4
1549.6
1544.0
1556.7
1547.8
1545.4
1541.5
1540.2
1534.2
1540.1
1540.9
1545.0
1538.0
1541.8
1539.2
1539.4
1538.5
1537.0
1548.2
1539.4
1535.3
1538.0
1536.0
1553.8
1543.6
1541.4
1531.8
1541.5
1539.5
1540.2
1538.5
1544.1
1541.0
1541.0
1531.8
1550.4
1532.0
1536.5
1539.7
1544.2
1548.6
1537.9
1543.4
1562.0
1545.7
1542.6
1536.0
1541.2
1536.2
1543.2
1535.8
1544.6
1539.6
1538.5
1539.0
1534.5
1543.5
1541.0
1539.2
1544.4
1540.3
1541.3
1542.5
1537.3
1536.2
1543.3
1539.4
1538.2
1537.0
1544.0
1540.5
1543.1
1541.3
1541.6
1539.7
1546.4
1540.4
1539.8
1538.1
1540.2
1540.5
1542.1
1561.2
1535.0
1550.7
1537.0
1549.0
1513.4
1538.9
1541.6
1535.8
1537.3
1540.9
1540.3
1540.8
1540.5
1537.7
1539.4
1535.3
1542.4
1536.8
1541.8
1556.0
1539.8
1538.8
1537.4
1539.0
1541.4
1538.1
1539.2
1538.9
1549.7
1537.2
1541.4
1541.6
1537.4
1540.9
1538.6
1546.7
1540.0
1539.0
1539.5
1545.5
1537.6
1537.5
1540.6
1541.2
1621.8
1548.5
1541.3
1534.6
1547.8
1537.8
1540.0
1539.4
1546.7
1536.7
1539.8
1539.8
1538.8
1541.2
1596.8
1585.5
1533.9
1538.3
1542.5
1542.8
1548.1
1553.8
1540.9
1558.5
1538.0
1537.2
1546.5
1538.0
1547.2
1543.2
1543.5
1546.1
1555.8
1539.4
1558.4
1538.3
1538.5
1538.0
1541.3
1534.8
1539.3
1541.3
1540.5
1540.6
1538.6
1538.8
1538.6
1533.0
1538.5
1540.6
1541.7
1541.2
1542.1
1543.2
1539.8
1539.9
1543.9
1536.3
1539.1
1540.3
1538.6
1540.2
1541.0
1541.6
1542.1
1541.0
1539.2
1539.1
1539.8
1540.2
1539.4
1540.0
1538.3
1571.2
1543.9
1539.3
1538.5
1539.6
1539.0
1543.6
1539.5
1537.1
1538.5
1536.0
1539.6
1540.5
1540.4
1537.8
1539.8
1538.9
1536.8
1538.9
1547.5
1541.8
1542.8
1540.5
1540.7
1539.5
1538.3
1538.8
1541.4
1538.0
1537.5
1544.3
1538.2
1539.2
1541.8
1542.8
1537.9
1538.9
1540.4
1536.9
1560.4
1540.3
1539.5
1540.3
1550.0
1541.2
1538.1
1539.6
1544.5
1538.6
1532.1
1536.8
1539.0
1539.0
1539.3
1544.1
1546.3
1544.7
1542.5
1549.2
1551.5
1539.4
1539.1
1537.3
1535.0
1534.4
1542.8
1542.8
1542.9
1536.4
1538.5
1539.0
1542.8
1549.1
1537.5
1554.2
1531.2
1541.6
1530.3
1550.8
1544.2
1542.2
1541.0
1539.1
1535.2
1538.0
1540.2
1536.0
1545.3
1551.5
1531.9
1543.1
1541.2
1544.4
1547.1
1536.2
1540.8
1546.3
1537.6
1548.2
1545.8
1538.3
1561.8
1542.6
1536.4
1536.6
1540.8
1536.1
1537.5
1541.3
1541.5
1534.0
1541.0
1539.2
1556.6
1540.2
1556.8
1533.5
1547.5
1553.8
1541.8
1538.2
1601.0
1535.3
1544.8
1538.5
1540.7
1544.0
1543.5
1536.1
1539.1
1543.0
1537.3
1539.4
1542.3
1538.8
1540.2
1540.2
1544.5
1540.8
1543.5
1535.5
1543.6
1541.8
1542.3
1543.1
1547.5
1538.5
1544.9
1531.0
1539.9
1539.3
1542.2
1538.6
1542.5
1535.9
1540.3
1558.9
1546.7
1537.7
1536.7
1540.6
1538.3
1531.4
1539.4
1539.7
1565.2
1538.4
1537.9
1541.4
1546.1
1537.0
1539.5
1545.9
1540.7
1544.4
1551.4
1530.4
1564.5
1535.9
1540.1
1537.3
1540.5
1539.0
1539.6
1539.6
1540.0
1542.0
1539.0
1532.8
1542.1
1537.5
1539.2
1543.5
1542.0
1539.9
1530.3
1539.0
1537.8
1520.5
1540.3
1539.7
1534.8
1542.2
1535.8
1537.7
1540.8
1541.8
1542.2
1541.2
1540.7
1545.1
1540.8
1535.8
1540.7
1545.8
1537.8
1602.0
1537.1
1540.7
1549.6
1541.8
1540.6
1552.2
1543.1
1539.0
1534.0
1540.8
1555.3
1540.5
1536.2
1535.0
1541.8
1532.1
1539.0
1544.6
1541.1
1563.8
1541.0
1539.1
1541.2
1542.0
1538.8
1537.4
1536.9
1540.3
1543.5
1543.3
1542.3
1545.1
1543.5
1538.8
1538.6
1535.2
1538.5
1538.2
1550.2
1537.1
1543.2
1537.5
1539.8
1537.1
1565.2
1537.1
1543.2
1544.2
1544.4
1538.9
1541.1
1538.1
1551.0
1562.2
1539.8
1557.3
1547.9
1550.2
1562.9
1542.0
1541.0
1537.1
1537.8
1540.1
1540.1
1541.8
1542.7
1537.3
1537.3
1536.0
1540.4
1537.5
1540.7
1540.4
1543.5
1540.6
1542.2
1542.7
1543.1
1537.3
1543.5
1536.0
1543.2
1540.6
1541.2
1535.7
1538.9
1557.5
1534.7
1539.5
1540.4
1540.3
1543.3
1538.7
1540.3
1541.2
1541.5
1563.6
1542.4
1544.9
1554.1
1536.9
1537.8
1532.0
1539.3
1533.9
1548.2
1539.8
1549.7
1540.2
1544.5
1539.9
1541.0
1540.4
1539.6
1543.8
1536.2
1544.0
1542.6
1554.9
1540.9
1538.9
1539.0
1538.9
1543.4
1539.1
1542.3
1534.7
1537.6
1544.2
1537.5
1538.7
1544.5
1559.3
1540.1
1539.2
1539.2
1540.6
1544.1
1533.8
1543.2
1535.9
1537.2
1539.9
1542.7
1541.6
1544.8
1539.6
1537.9
1537.4
1541.0
1541.9
1539.5
1542.0
1540.0
1538.6
1558.7
1538.5
1535.6
1583.3
1532.7
1540.9
1540.4
1537.6
1536.0
1545.1
1543.9
1536.1
1539.0
1538.5
1541.3
1548.8
1537.8
1544.4
1538.8
1537.2
1579.0
1536.6
1540.8
1541.4
1541.1
1542.0
1540.2
1541.6
1540.5
1551.3
1536.9
1541.3
1533.0
1536.2
1539.5
1540.0
1543.6
1540.0
1542.0
1549.9
1543.7
1541.7
1541.7
1537.4
1543.9
1538.6
1531.0
1539.2
1543.4
1547.2
1541.0
1542.8
1544.9
1547.1
1543.4
1539.6
1540.8
1542.6
1533.5
1555.2
1543.3
1542.9
1545.8
1543.1
1539.2
1568.3
1541.7
1536.0
1537.5
1544.6
1539.8
1561.2
1543.1
1536.4
1542.7
1536.2
1538.7
1537.7
1545.8
1538.0
1541.8
1540.0
1540.8
1536.4
1556.0
1544.6
1542.9
1536.9
1551.4
1539.5
1542.3
1550.3
1549.2
1552.5
1538.7
1540.5
1538.2
1537.8
1555.0
1545.1
1540.5
1552.8
1538.7
1538.0
1540.8
1539.0
1545.7
1543.7
1539.4
1537.8
1540.0
1535.6
1539.0
1534.5
1543.1
1540.8
1542.5
1540.8
1535.8
1541.6
1544.1
1536.0
1533.0
1541.0
1539.2
1551.4
1538.7
1539.3
1539.8
1541.6
1539.7
1533.4
1542.2
1533.5
1541.4
1543.8
1536.5
1556.6
1604.5
1561.8
1535.6
1535.7
1538.1
1542.0
1547.0
1542.5
1537.8
1550.5
1529.2
1535.5
1541.3
1534.8
1537.9
1537.6
1537.0
1537.3
1544.7
1565.1
1538.0
1538.2
1539.0
1539.0
1531.0
1537.0
1550.2
1538.6
1538.5
1540.4
1535.8
1547.7
1535.8
1542.0
1539.7
1541.2
1539.6
1540.7
1531.1
1547.9
1559.5
1540.7
1537.4
1544.3
1534.7
1538.3
1537.3
1538.8
1541.2
1541.8
1538.8
1552.0
1536.8
1539.9
1538.6
1533.6
1541.2
1538.4
1543.6
1542.5
1542.6
1538.6
1554.7
1554.2
1536.3
1545.2
1537.7
1536.2
1541.8
1535.7
1540.4
1532.2
1556.3
1543.5
1546.2
1539.2
1538.5
1540.8
1584.4
1544.3
1544.6
1539.2
1529.0
1537.5
1534.7
1539.4
1538.8
1556.9
1538.5
1539.4
1540.3
1539.8
1540.5
1536.8
1532.8
1537.2
1542.0
1538.9
1561.5
1536.0
1542.3
1538.8
1539.1
1537.1
1543.0
1544.6
1537.5
1545.5
1535.9
1534.3
1541.1
1540.5
1539.7
1535.6
1545.5
1534.5
1540.8
1545.7
1542.6
1544.8
1535.2
1562.5
1532.2
1538.9
1529.5
1542.6
1535.3
1540.8
1543.0
1539.6
1544.1
1540.7
1540.1
1541.5
1539.2
1548.3
1532.6
1556.0
1538.1
1539.6
1549.0
1539.5
1540.6
1533.4
1543.2
1538.2
1553.0
1540.0
1534.6
1535.8
1551.2
1538.8
1548.1
1549.0
1541.6
1540.8
1539.3
1565.1
1540.0
1540.0
1535.2
1544.6
1538.1
1532.2
1541.3
1538.2
1538.0
1536.2
1539.7
1537.7
1544.0
1540.3
1536.2
1560.1
1541.0
1535.7
1549.1
1541.2
1539.1
1542.1
1538.4
1538.5
1539.0
1537.4
1578.7
1537.5
1543.7
1535.8
1544.0
1539.5
1532.7
1539.7
1547.3
1549.8
1544.8
1547.2
1563.8
1543.6
1536.8
1540.3
1559.3
1540.2
1534.9
1549.1
1542.1
1540.5
1532.6
1544.2
1537.7
1539.9
1539.9
1534.0
1540.5
1538.3
1538.4
1558.0
1536.4
1537.8
1540.4
1537.4
1534.5
1543.1
1538.8
1540.0
1543.9
1574.7
1548.3
1538.3
1542.7
1539.0
1545.4
1548.6
1538.6
1539.7
1537.1
1542.8
1535.9
1543.1
1553.0
1543.6
1537.5
1535.3
1542.8
1541.5
1541.0
1538.5
1543.0
1554.4
1534.8
1539.3
1535.4
1542.4
1541.8
1546.2
1544.2
1547.8
1540.1
1541.2
1540.3
1543.0
1537.6
1535.2
1531.7
1541.6
1540.6
1537.8
1543.5
1539.0
1548.6
1546.0
1542.9
1540.0
1539.3
1543.4
1534.0
1546.5
1536.9
1539.3
1540.1
1541.4
1542.8
1545.2
1538.6
1533.2
1604.5
1548.8
1540.2
1535.6
1544.4
1533.8
1542.2
1555.3
1539.4
1534.6
1550.8
1552.8
1541.1
1540.7
1538.1
1537.8
1542.1
1541.9
1538.0
1538.6
1539.4
1538.4
1540.3
1535.9
1543.5
1553.2
1587.8
1702.9
1663.8
1643.1
1604.5
1559.0
1540.2
1539.9
1554.9
1602.0
1557.7
1539.6
1539.6
1538.1
1542.2
1538.6
1545.2
1543.6
1538.9
1539.1
1544.8
1532.1
1535.8
1549.7
1543.9
1540.1
1536.8
1537.1
1539.7
1544.5
1539.0
1540.2
1548.4
1551.8
1538.8
1536.4
1546.1
1540.0
1545.1
1535.9
1539.0
1539.0
1542.3
1541.5
1543.3
1542.0
1542.1
1542.3
1541.5
1537.4
1536.6
1544.7
1541.6
1535.4
1541.2
1539.8
1539.6
1541.4
1538.1
1538.9
1541.7
1536.0
1542.9
1543.0
1540.2
1537.9
1537.7
1550.7
1541.5
1540.3
1540.4
1541.5
1542.1
1560.2
1591.0
1586.8
1586.4
1541.2
1541.2
1542.8
1548.8
1541.9
1554.7
1552.2
1540.8
1535.2
1537.2
1536.8
1538.6
1540.0
1539.2
1538.5
1535.6
1541.4
1544.2
1539.3
1543.7
1544.0
1534.4
1535.3
1557.0
1535.7
1543.3
1535.8
1540.0
1540.0
1541.8
1554.5
1540.3
1540.2
1532.8
1540.9
1537.5
1538.2
1541.3
1540.3
1537.3
1542.1
1541.2
1542.8
1551.6
1544.2
1535.1
1541.4
1537.6
1533.2
1539.8
1540.5
1539.8
1537.4
1541.2
1539.1
1535.6
1539.7
1535.3
1539.4
1538.5
1540.4
1541.1
1539.9
1564.1
1544.8
1537.7
1535.8
1543.5
1540.5
1544.5
1537.0
1540.4
1539.0
1534.2
1536.0
1540.4
1547.2
1537.8
1543.6
1542.0
1542.8
1535.9
1537.5
1553.4
1546.8
1548.8
1546.0
1533.2
1538.7
1541.4
1536.6
1542.2
1538.3
1545.4
1539.2
1543.5
1538.2
1543.7
1544.9
1533.2
1549.0
1537.8
1540.7
1548.6
1548.1
1542.7
1543.1
1538.2
1533.1
1537.4
1536.1
1540.4
1540.8
1538.3
1538.8
1545.5
1552.4
1539.0
1536.7
1544.7
1533.5
1542.6
1541.1
1547.8
1542.0
1542.0
1535.6
1540.2
1540.4
1537.6
1544.8
1540.0
1535.0
1538.4
1539.2
1543.6
1555.4
1540.9
1541.9
1540.2
1537.2
1545.0
1541.5
1533.1
1534.8
1539.8
1538.7
1537.8
1540.1
1539.1
1535.6
1539.2
1541.8
1537.8
1534.9
1543.5
1542.2
1539.5
1539.0
1540.4
1544.3
1535.9
1552.2
1563.4
1549.8
1538.3
1540.6
1537.3
1532.1
1539.5
1528.3
1539.1
1540.5
1540.5
1540.7
1540.9
1542.3
1541.5
1539.2
1539.7
1540.0
1537.6
1555.7
1539.9
1534.6
1536.0
1538.0
1543.0
1544.0
1542.0
1549.2
1542.4
1534.6
1542.4
1536.6
1538.9
1536.9
1543.6
1542.8
1542.9
1540.2
1547.1
1544.8
1539.6
1555.5
1543.2
1550.1
1541.2
1537.2
1534.0
1548.7
1544.0
1532.0
1538.9
1541.2
1551.2
1539.5
1544.0
1539.1
1553.4
1535.0
1550.1
1541.5
1540.7
1534.5
1541.2
1536.9
1541.0
1537.6
1542.4
1551.2
1542.2
1539.4
1541.2
1549.3
1541.7
1549.0
1538.0
1536.5
1544.5
1532.7
1563.2
1541.3
1532.7
1538.8
1541.9
1534.2
1540.7
1544.0
1538.9
1546.2
1536.0
1531.3
1541.7
1537.0
1539.0
1542.4
1540.8
1541.2
1542.9
1549.2
1542.0
1537.4
1539.8
1542.9
1544.1
1533.6
1539.9
1542.5
1538.3
1540.4
1543.0
1539.2
1540.3
1544.2
1540.1
1534.4
1547.5
1541.0
1541.8
1558.3
1544.9
1535.3
1550.7
1544.9
1538.1
1541.2
1538.4
1538.4
1533.5
1539.3
1535.6
1537.4
1537.6
1535.1
1541.9
1533.4
1537.5
1541.7
1541.2
1556.8
1541.1
1535.3
1543.1
1538.5
1543.4
1539.3
1541.1
1541.0
1556.4
1533.0
1536.1
1538.0
1541.0
1547.6
1545.2
1539.7
1545.0
1541.5
1548.3
1538.5
1545.7
1533.2
1539.2
1540.4
1544.9
1541.5
1539.1
1541.6
1539.5
1539.3
1540.9
1542.4
1540.1
1544.4
1542.6
1538.1
1544.0
1539.9
1541.5
1538.5
1545.2
1536.5
1539.0
1538.5
1536.0
1545.2
1539.3
1538.5
1554.2
1537.8
1547.2
1543.0
1540.9
1536.5
1541.4
1541.8
1540.2
1538.9
1552.5
1539.5
1538.6
1542.4
1543.4
1539.4
1536.4
1537.3
1536.9
1546.8
1537.9
1539.3
1541.7
1541.3
1542.1
1540.8
1543.3
1539.3
1539.0
1544.9
1544.2
1537.3
1537.7
1539.4
1542.0
1540.2
1540.3
1540.9
1538.3
1540.4
1541.7
1544.7
1531.3
1574.0
1542.9
1543.5
1540.2
1537.3
1545.2
1548.3
1536.7
1544.2
1542.5
1540.8
1540.2
1544.0
1541.1
1529.7
1544.2
1536.1
1543.8
1542.0
1540.7
1537.7
1543.8
1538.8
1542.2
1556.2
1541.2
1547.1
1542.3
1532.1
1542.4
1540.5
1540.1
1539.5
1539.5
1540.2
1544.8
1536.5
1543.4
1542.0
1543.3
1541.4
1547.0
1535.7
1538.0
1538.5
1577.3
1556.1
1548.8
1537.6
1540.9
1537.2
1544.4
1556.1
1534.7
1541.8
1540.0
1537.0
1540.0
1530.1
1540.5
1541.4
1538.2
1540.8
1539.7
1542.6
1567.7
1538.8
1538.7
1539.7
1536.8
1537.2
1541.0
1534.8
1533.1
1553.0
1544.4
1543.0
1540.1
1551.8
1538.5
1543.3
1533.1
1539.6
1543.0
1539.4
1556.2
1544.8
1532.9
1538.2
1541.7
1543.5
1539.4
1541.2
1546.6
1538.7
1541.0
1538.4
1542.0
1540.9
1535.8
1532.0
1542.8
1539.8
1543.3
1556.9
1543.6
1542.7
1544.3
1539.2
1553.2
1553.1
1540.2
1538.8
1547.1
1538.5
1556.1
1539.7
1538.5
1542.0
1545.3
1544.1
1541.1
1540.9
1542.7
1567.3
1542.8
1545.6
1540.2
1561.0
1540.8
1537.3
1542.4
1540.6
1543.2
1538.8
1546.1
1537.1
1540.0
1546.2
1536.3
1541.3
1541.2
1538.4
1549.5
1540.9
1544.4
1529.6
1542.0
1536.8
1539.1
1554.6
1552.3
1540.0
1556.7
1532.4
1539.9
1541.0
1540.1
1540.7
1548.2
1547.3
1548.1
1535.3
1559.6
1544.1
1541.8
1540.4
1550.6
1538.7
1540.8
1543.3
1539.8
1543.6
1543.1
1533.6
1540.5
1530.6
1543.0
1541.2
1542.5
1536.1
1541.6
1542.3
1538.7
1537.8
1540.9
1542.3
1539.5
1533.1
1540.9
1539.0
1540.9
1543.6
1538.9
1541.4
1541.3
1538.7
1541.2
1540.0
1541.6
1547.3
1544.0
1585.6
1548.8
1551.2
1533.8
1537.5
1543.3
1541.6
1539.5
1542.2
1538.6
1541.0
1541.2
1540.3
1542.4
1540.1
1537.5
1529.8
1541.6
1537.3
1540.1
1545.8
1541.0
1543.6
1554.4
1548.2
1541.5
1538.8
1539.8
1535.6
1541.1
1527.1
1546.6
1547.5
1536.6
1540.2
1537.3
1539.8
1538.7
1540.9
1551.9
1546.2
1544.5
1531.4
1544.0
1539.2
1539.8
1541.4
1539.9
1536.5
1541.7
1538.1
1534.9
1542.1
1539.1
1538.0
1541.9
1539.5
1537.7
1540.5
1552.9
1542.6
1542.1
1533.9
1539.0
1535.8
1540.1
1588.7
1548.7
1542.8
1541.8
1538.6
1541.6
1533.9
1542.0
1539.7
1536.5
1540.5
1546.6
1540.4
1549.4
1543.6
1537.8
1541.7
1539.5
1532.4
1544.4
1529.8
1539.8
1549.2
1537.1
1538.5
1543.9
1583.6
1594.7
1561.0
1590.8
1585.6
1673.2
1636.3
1593.8
1567.6
1523.3
1555.2
1501.9
1510.5
1485.9
1515.6
1502.2
1555.0
1504.0
1507.3
1531.0
1544.6
1589.0
1503.3
1464.0
1547.9
1541.2
1552.3
1544.9
1549.2
1551.2
1550.2
1542.8
1544.5
1540.8
1532.8
1542.4
1543.5
1542.7
1541.0
1545.6
1535.3
1542.7
1534.5
1539.0
1540.2
1543.4
1564.5
1544.2
1539.4
1544.5
1543.9
1543.2
1545.6
1541.7
1539.8
1541.0
1540.5
1543.0
1544.0
1543.6
1547.3
1542.2
1537.1
1543.1
1539.5
1546.6
1540.9
1543.3
1538.7
1542.3
1537.6
1544.0
1541.4
1539.4
1540.8
1536.0
1538.2
1538.8
1538.2
1536.4
1538.9
1538.6
1531.8
1541.8
1537.8
1546.5
1540.5
1541.6
1538.7
1536.4
1540.6
1542.1
1540.4
1564.6
1542.5
1559.3
1541.0
1537.1
1543.2
1539.8
1544.7
1538.9
1546.8
1551.7
1542.8
1552.0
1541.6
1546.0
1536.5
1541.2
1534.9
1540.5
1540.2
1543.1
1544.9
1538.2
1539.1
1548.1
1540.6
1541.4
1541.6
1539.0
1541.5
1539.5
1546.5
1556.3
1541.3
1538.8
1575.3
1542.2
1538.3
1558.1
1546.1
1536.7
1539.5
1591.4
1562.2
1560.5
1579.0
1595.8
1568.5
1669.7
1591.9
1552.2
1661.5
1578.8
1535.6
