1875.5
1831.3
1924.9
1857.9
1969.9
1871.2
1911.6
1945.5
1890.8
1943.2
2024.0
2036.2
2082.2
2034.0
2014.8
2318.6
2256.0
2324.8
2357.9
2360.2
2477.7
2554.8
2591.8
2615.7
2829.0
2792.5
2867.3
2880.6
3522.2
3440.7
3499.9
3936.0
4055.3
3932.9
4113.8
4452.5
4614.3
4626.6
4564.5
4586.8
4541.7
4542.5
4580.5
4555.6
4560.9
4611.5
4529.8
4653.0
4713.9
4564.2
4542.8
4556.7
4530.0
4577.6
4603.7
4572.2
4530.3
4543.2
4562.9
4725.2
4568.2
4560.9
4533.1
4564.1
4889.9
4574.5
4512.0
4541.2
4461.7
4609.1
4574.6
4520.1
4607.7
4558.5
4528.8
4590.2
4544.3
4560.5
4559.7
4822.2
4538.5
4639.8
4595.8
4592.2
4520.5
4534.1
4613.1
4569.2
4536.8
4563.2
4539.9
4628.4
4500.9
4535.0
4555.2
4543.2
4538.4
4597.4
4556.8
4565.2
4544.8
4564.2
4600.4
4586.9
4540.7
4724.3
4517.7
4548.2
4583.3
4562.8
4521.0
4541.2
4533.9
4660.3
4613.9
4578.6
4541.5
4550.2
4545.0
4639.4
4588.5
4537.5
4548.2
4553.7
4582.0
4685.6
4565.0
4620.5
4547.3
4540.8
4636.8
4543.6
4577.2
4563.0
4583.8
4689.9
4634.3
4548.2
4601.5
4665.2
4545.5
4590.5
4562.2
4880.5
4515.1
4814.3
4663.5
4601.5
4876.9
4864.1
4546.3
4551.2
4581.5
4584.2
4636.0
4707.0
4537.0
4545.3
4649.1
4562.6
4532.5
4582.8
4684.6
4590.2
4538.5
4871.4
4608.8
4445.9
4605.4
4589.2
4709.4
4562.7
4565.2
4571.4
4595.2
4553.2
4559.1
4534.0
4510.6
4716.0
4752.5
4581.1
4726.4
4546.7
4563.2
4672.2
4548.0
4550.1
4522.6
4850.9
4551.2
4601.0
4548.1
4542.9
4510.7
4610.8
4649.2
4582.0
4493.4
4410.7
4477.5
4603.4
4559.3
4551.0
4527.3
4613.1
4561.9
4529.0
4550.4
4550.8
4556.3
4516.5
4610.8
4621.0
4535.9
4910.1
4852.7
4568.2
4579.3
4630.6
4544.1
4596.6
4536.4
4558.0
4626.8
4587.7
4567.0
4508.0
4577.8
4605.2
4566.0
4591.1
4560.1
4570.5
4618.3
4608.1
4551.1
4534.6
4555.0
4647.5
4585.0
4573.8
4544.7
4538.7
4606.5
4651.5
4514.1
4521.8
4586.9
4563.7
4597.0
4560.9
4530.5
4592.8
4485.6
4580.9
4708.1
4565.5
4569.4
3900.6
4412.1
4544.1
4180.7
4557.2
4779.9
4678.9
4519.3
4618.7
4629.5
4557.7
4587.2
4550.0
4542.7
4657.1
4548.8
4537.4
4833.5
4538.1
4642.7
4698.1
4599.6
4596.8
4575.8
4546.0
4644.5
4552.5
4619.0
4531.3
4562.8
4620.2
4811.5
4577.6
4570.7
4577.8
4550.8
4829.6
4546.3
4630.6
4599.5
4576.2
4905.3
4625.6
4570.3
4592.8
4554.9
4550.2
4559.4
4881.4
4564.2
4501.8
4550.8
4633.0
4521.4
4566.1
4584.2
4585.2
4570.2
4613.9
4554.2
4549.6
4578.2
3972.6
4636.5
4574.0
4460.1
4492.2
4382.9
4480.0
4654.1
4578.4
4551.0
4541.5
4554.2
4671.5
4633.2
4466.0
4588.7
4522.9
4533.7
4621.7
4559.7
4514.5
4584.2
4563.6
4611.7
4484.9
4565.9
4544.9
4546.5
4879.8
4731.4
4513.7
4495.9
4470.8
3984.6
3728.6
3592.6
4888.6
4581.1
4601.6
4557.6
4587.6
4568.0
4550.2
4529.7
4590.2
4574.4
4637.0
4554.2
4548.6
4542.2
4581.4
4576.6
4515.5
4555.5
4847.9
4701.8
4589.0
4616.2
4589.8
4644.0
4617.0
4559.1
4897.5
4576.9
4572.5
4565.6
4575.4
4633.1
4670.8
4567.7
4854.0
4558.7
4540.4
4562.6
4542.8
4550.6
4546.2
4573.4
4522.4
4295.6
4616.2
4566.7
4573.6
4685.2
4576.0
4561.4
4536.3
4557.4
4571.4
4573.9
4606.4
4580.0
4805.6
4582.7
4533.7
4572.3
4567.6
4558.8
4508.5
4538.2
4568.0
4616.2
4573.5
4554.1
4541.0
4535.8
4571.9
4562.2
4559.2
4567.8
4571.5
4546.1
4601.4
4525.0
4561.1
4595.6
4621.5
4555.9
4579.2
4548.8
4548.1
4575.8
4076.6
4545.3
4557.2
4576.0
4547.6
4565.1
4719.5
4567.6
4572.2
4526.9
4541.0
4563.6
4538.5
4533.5
4561.3
4545.7
4531.4
5034.6
4623.2
4572.0
4563.6
4555.3
4503.7
4638.2
4569.2
4545.4
4558.2
4533.2
4598.3
4560.4
4612.3
4552.8
4567.4
4608.0
4518.7
4563.4
4608.6
4571.1
4606.5
4593.2
4586.2
4558.0
4563.4
4701.7
4577.7
4666.6
4733.1
4514.3
4582.6
4528.8
4614.2
4555.3
4533.4
4552.0
4848.5
4487.4
4575.5
4542.5
4728.7
4505.6
4586.3
4796.3
4566.1
4545.8
4531.0
4545.5
4559.6
4505.2
4578.1
4906.9
4775.8
4544.1
4576.5
4577.6
4534.8
4731.0
4457.3
4600.3
4628.9
4551.4
4543.4
4538.7
4551.9
4556.5
4888.3
4557.2
4538.4
4544.2
4563.8
4651.9
4567.5
4567.2
4554.9
4683.4
4709.4
4554.6
4541.5
4533.9
4794.2
4570.1
4643.0
4565.8
4687.2
4592.4
4538.0
4580.9
4561.0
4568.2
4568.2
4541.9
4587.7
4627.0
4561.2
4524.5
4534.0
4525.6
4575.9
4550.0
4852.2
4632.6
4689.1
4495.7
4659.1
4578.8
4554.3
4580.1
4509.0
4583.1
4567.1
4544.0
4562.0
4586.5
4577.3
4697.2
4416.4
4809.3
4580.8
4584.5
4622.4
4571.7
4615.4
4599.0
4583.8
4524.0
4597.6
4579.8
4538.9
4533.3
4538.1
4556.9
4578.9
4511.1
4546.7
4532.9
4571.0
4493.3
4584.8
4557.9
4535.8
4557.4
4583.8
4571.9
4555.1
4557.9
4737.7
4608.4
4848.3
4548.8
4538.0
4544.8
4574.9
4562.4
4574.3
4539.3
4531.5
4532.0
4538.5
4582.6
4518.1
4536.7
4580.0
4554.2
4601.5
4551.7
4534.5
4542.9
4581.8
4575.0
4565.0
4542.6
4874.8
4579.3
4528.4
4564.1
4568.1
4539.0
4714.3
4539.9
4619.9
4651.3
4571.2
4545.5
4558.5
4549.2
4623.2
4562.4
4561.4
4563.3
4574.4
4541.8
4592.2
4561.4
4540.6
4529.5
4534.7
4600.5
4599.8
4539.6
4533.2
4585.1
4587.2
4578.5
4562.7
4553.1
4565.3
4525.9
4618.3
4545.6
4539.5
4541.0
4705.0
4610.2
4755.7
4578.9
4559.8
4537.4
4585.9
4743.2
4643.8
4583.7
4579.2
4592.7
4590.3
4849.1
4546.6
4538.0
4525.4
4538.5
4824.7
4567.0
4519.2
4625.5
4503.5
4574.0
4796.5
4547.1
4529.8
4505.8
4579.4
4818.4
4597.8
4574.1
4600.3
4575.8
4547.7
4572.4
4513.2
4562.5
4534.6
4549.7
4768.0
4559.0
4740.6
4591.5
4579.4
4560.1
4620.9
4478.3
4570.2
4540.5
4526.0
4758.1
4556.4
4676.0
4550.9
4628.0
4506.8
4669.7
4563.0
4612.6
4577.3
4550.4
4565.8
4602.7
4570.9
4561.8
4543.5
4580.5
4605.6
4558.5
4862.5
4541.1
4586.1
4621.9
4529.2
4553.8
4541.0
4451.7
4581.2
4603.0
4548.5
4537.3
4810.9
4565.6
4588.5
4557.8
4592.9
4573.0
4531.8
4678.0
4684.0
4590.7
4819.1
4557.0
4565.4
4540.1
4551.0
4582.2
4549.2
4731.0
4638.1
4509.3
4633.8
4638.7
4630.0
4560.1
4607.0
4581.0
4538.5
4506.0
4537.5
4677.0
4602.5
4544.3
4541.7
4585.0
4540.0
4630.5
4548.8
4536.2
4587.6
4560.8
4471.5
4616.0
4574.5
4581.3
4541.8
4543.0
4615.9
4583.7
4553.5
4434.3
4601.6
4600.9
4581.2
4575.2
4575.3
4556.9
4577.4
4756.2
4549.6
4233.0
4574.0
4479.0
4904.9
4616.2
4125.9
4574.8
4844.1
4569.0
4542.0
4567.6
4622.2
4127.4
4554.5
4631.0
4882.6
4560.5
4595.0
4506.5
4559.1
4625.0
4570.3
4544.5
4544.5
4527.3
4595.9
4576.2
4599.3
4577.6
4554.8
4539.4
4552.6
4528.9
4546.4
4525.6
4551.4
4483.1
4197.6
4581.9
4586.8
4572.0
4705.2
4597.1
4556.5
4543.6
4694.6
4819.0
4649.3
4507.5
4520.0
4646.5
4640.8
4544.0
4625.2
4561.3
4562.4
4581.7
4464.1
4607.5
4675.0
4660.3
4629.9
4591.1
4588.1
4581.5
4584.2
4561.8
4576.4
4543.7
4546.2
4594.0
4514.0
4547.5
4544.3
4553.2
4707.3
4544.8
4527.9
4230.7
4544.9
4578.0
4607.1
4552.1
4543.7
4526.4
4532.1
4643.2
4621.6
4873.2
4545.7
4744.8
4589.8
4611.3
4601.7
4560.0
4566.2
4554.2
4575.5
4578.4
4555.2
4741.9
4563.4
4549.3
4600.3
4559.3
4561.3
4564.4
4542.8
4581.0
4573.2
4535.5
4565.5
4468.6
4553.7
4565.6
4597.0
4557.5
4544.5
4551.4
4869.4
4568.8
4542.3
4556.0
4531.4
4586.9
4629.8
4585.3
4592.7
4779.0
4544.0
4566.5
4579.6
4508.6
4543.1
4540.7
4521.6
4591.4
4568.4
4556.3
4536.0
4522.8
4964.3
4567.7
4535.4
4493.5
4592.5
4724.2
4610.6
4494.7
4450.2
4402.0
4391.2
4623.2
4617.2
4524.6
4363.7
4288.2
4381.1
4324.5
4322.6
4340.1
4324.8
4305.6
4529.3
4582.9
4395.0
4305.8
4439.0
4496.2
4667.6
4590.8
4597.9
4576.7
4636.0
4840.5
4600.9
4551.8
4592.8
4542.9
4564.8
4796.0
4611.5
4618.5
4616.0
4534.6
4574.5
4570.1
4554.0
4503.2
4821.1
4521.8
4628.4
4636.0
4588.1
4505.0
4568.3
4567.0
4570.5
4579.3
4507.2
4096.4
4453.3
4616.7
4602.8
4594.7
4694.0
4537.0
4644.2
4622.6
4559.4
4588.9
4535.0
4574.2
4700.6
4601.6
4563.0
4541.7
4542.2
4560.5
4556.6
4530.1
4527.4
4545.3
4587.9
4567.1
4522.4
4538.5
4555.0
4543.5
4581.2
4586.1
4569.2
4580.0
4846.0
4471.8
4579.4
4553.3
4571.5
4535.0
4538.3
4937.9
4557.1
4584.3
4797.9
4555.4
4524.8
4561.4
4594.6
4541.4
4569.5
4539.0
4556.0
4524.2
4519.9
4518.1
4516.4
4606.6
4666.8
4615.9
4588.7
4580.7
4566.6
4630.2
4568.8
4561.3
4553.4
4623.8
4539.0
4726.0
4785.4
4539.8
4547.5
4566.8
4551.1
4582.8
4559.2
4547.6
4543.4
4531.5
4602.6
4597.9
4559.6
4554.1
4568.4
4712.8
4602.4
4541.5
4534.2
4535.4
4652.2
4645.9
4616.2
4585.5
4600.7
4572.1
4555.3
4546.7
4555.6
4691.0
4553.9
4460.0
4588.1
4824.2
4554.7
4581.1
4553.6
4529.9
4700.2
4553.4
4562.8
4546.1
4677.9
4603.3
4619.0
4551.2
4544.7
4708.0
4592.1
4595.2
4529.8
4523.0
4553.2
4556.8
4563.0
4691.3
4570.7
4575.8
4540.2
4547.2
4549.0
4547.1
4542.1
4578.0
4447.7
4618.1
4547.8
4609.0
4575.8
4679.5
4541.0
4544.8
4566.2
4580.2
4553.7
4537.0
4741.9
4610.9
4555.3
4560.8
4887.8
4547.1
4563.6
4539.0
4528.9
4548.8
4538.5
4546.5
4562.8
4572.0
4537.5
4534.3
4550.4
4573.5
4787.2
4537.1
4524.3
4559.4
4682.0
4560.2
4544.7
4514.4
4545.2
4562.1
4973.3
4542.2
4554.9
4553.7
4555.8
4459.3
4611.5
4589.5
4558.8
4534.1
4561.8
4571.5
4538.5
4554.5
4480.6
4544.5
4599.7
4587.9
4550.1
4505.9
4588.0
4550.3
4577.2
4550.2
4517.8
4575.8
4574.4
4784.3
4608.2
4523.9
4537.8
4526.5
4553.0
4553.0
4519.1
4623.5
4593.1
4548.4
4614.5
4633.0
4568.6
4540.0
4552.0
4825.3
4671.2
4551.5
4542.4
4642.3
4450.3
4660.5
4569.6
4543.1
4537.8
4739.5
4575.4
4556.5
4522.4
4696.5
4557.7
4505.9
4470.0
4601.6
4592.8
4558.2
4538.5
4558.1
4559.1
4704.3
4619.6
4470.2
4570.5
4587.2
4569.4
4568.1
4597.0
4523.5
4550.9
4917.0
4567.3
4157.9
4583.9
4893.5
4651.2
4603.5
4562.8
4561.0
4811.5
4695.0
4571.8
4521.1
4588.5
4549.3
4575.1
4691.7
4608.1
4559.2
4586.2
4534.7
4554.9
4565.1
4539.0
4628.7
4683.5
4453.0
4611.7
4603.0
4555.0
4539.0
4559.3
4892.4
4583.2
4535.5
4535.9
4531.8
4738.1
4629.6
4614.0
4554.6
4554.5
4553.1
4560.9
4580.9
4864.0
4554.7
4831.1
4548.0
4864.3
4587.8
4565.3
4592.0
4685.5
4530.0
4593.3
4540.6
4530.1
4587.0
4473.7
4600.8
4569.7
4555.7
4578.2
4538.2
4540.1
4541.8
4546.6
4536.8
4554.1
4516.9
4713.8
4593.9
4550.7
4596.5
4545.6
4544.1
4554.6
4548.5
4559.1
4576.1
4746.4
4603.5
4608.0
4575.8
4542.6
4507.2
4613.9
4593.5
4556.0
4565.7
4593.1
4457.6
4583.0
4574.0
4537.0
4561.8
4687.5
4603.8
4562.2
4584.6
4582.5
4555.3
4555.4
4631.8
4610.1
4567.9
4550.3
4546.2
4548.4
4556.0
4570.1
4541.2
4572.2
4695.3
4597.5
4850.2
4570.5
4544.1
4506.2
4558.8
4605.0
4539.2
4554.5
4558.7
4464.6
4590.0
4553.3
4537.7
4549.3
4679.6
4794.9
4603.9
4553.0
4550.4
4499.2
4866.7
4896.5
4599.0
4520.2
4535.8
4527.4
4572.3
4598.6
4558.8
4553.1
4535.6
4560.4
4542.1
4593.0
4571.0
4578.6
4552.8
4559.7
4583.8
4541.5
4555.4
4538.9
4678.2
4623.7
4559.5
4578.5
4828.5
4537.0
4593.9
4613.6
4553.8
4683.9
4556.6
4518.7
4900.0
4636.2
4549.8
4565.0
4578.9
4818.6
4550.4
4941.7
4525.6
4559.8
4541.6
4565.6
4659.4
4611.8
4561.9
4562.6
4606.2
4590.0
4557.6
4562.4
4543.6
4515.0
4605.1
4588.5
4576.2
4558.6
4803.2
4567.5
4578.8
4521.7
4835.5
4614.0
4533.2
4638.2
4749.6
4571.3
4603.7
4560.7
4580.6
4657.9
4570.9
4897.3
4553.3
4558.6
4561.6
4639.0
4565.1
4569.5
4554.2
4583.1
4555.5
4745.0
4588.1
4518.2
4572.0
4609.9
4696.7
4548.0
4572.6
4558.0
4547.4
4529.5
4538.1
4554.0
4538.2
4738.1
4908.2
4603.8
4519.0
4545.0
4590.6
4622.3
4609.2
4576.8
4694.0
4537.4
4536.1
4559.6
4618.9
4589.2
4847.9
4707.4
4576.5
4592.8
4549.7
4626.8
4764.2
4438.0
4726.6
4581.8
4524.5
4865.8
4574.8
4557.5
4559.4
4528.9
4542.2
4611.3
4812.4
4755.4
4615.0
4559.8
4601.1
4578.0
4555.8
4568.5
4605.1
4541.8
4537.3
4560.2
4758.6
4605.1
4558.9
4818.6
4550.3
4582.0
4561.8
4509.1
4539.4
4578.2
4450.5
4558.4
4567.0
4561.0
4557.8
4540.2
4572.1
4557.0
4547.3
4822.3
4567.5
4519.0
4600.6
4599.9
4577.5
4537.8
4567.3
4556.2
4524.1
4586.4
4582.2
4539.5
4554.8
4947.2
4593.5
4571.6
4539.2
4595.5
4577.2
4581.9
4207.3
4562.9
4553.6
4812.6
4570.0
4629.0
4557.3
4531.7
4512.2
4588.9
4578.6
4536.3
4528.9
4523.5
4803.8
4512.4
4602.4
4534.2
4563.8
4555.3
4597.8
4533.5
4533.8
4540.6
4512.4
4588.1
4636.7
4574.1
4588.6
4564.3
4537.2
4534.8
4560.5
4549.6
4541.5
4810.0
4515.3
4631.5
4586.7
4593.0
4586.9
4555.0
4093.2
4594.6
4541.7
4555.3
4599.4
4565.9
4975.5
4575.8
4569.7
4577.4
4543.2
4566.1
4563.2
4549.8
4563.5
4526.0
4820.2
4868.2
4593.7
4604.2
4686.8
4538.3
4544.8
4545.9
4539.2
4576.9
4528.0
4538.2
4460.9
4842.4
4557.0
4571.2
4538.3
4567.2
4957.7
4562.0
4588.5
4448.5
4558.1
4597.5
4595.1
4548.4
4538.2
4540.4
4561.1
4583.3
4554.0
4547.0
4532.7
4599.6
4571.6
4599.0
4567.2
4594.8
4554.7
4571.1
4559.5
4534.0
4528.4
4543.4
4538.8
4844.2
4627.0
4559.1
4546.5
4572.6
4547.8
4535.2
4555.0
4683.1
4572.1
4506.5
4606.5
4625.5
4567.2
4553.5
4527.4
4596.3
4567.5
4541.6
4503.2
4573.3
4526.0
4913.3
4631.8
4558.6
4554.5
4545.1
4557.1
4529.5
4526.0
4568.4
4573.7
4523.8
4607.3
4640.0
4593.1
4816.1
4539.7
4552.0
4594.1
4571.5
4712.0
4545.5
4453.9
4590.0
4596.5
4577.8
4694.1
4540.0
4547.1
4600.4
4555.3
4582.2
4545.8
4531.5
4611.0
4595.5
4534.5
4575.9
4687.8
4546.5
4549.5
4700.4
4530.3
4528.2
4555.0
4874.0
4562.0
4545.8
4556.4
4531.6
4549.2
4912.5
4572.1
4521.7
4630.0
4469.3
4634.4
4557.2
4567.8
4547.7
4551.2
4566.9
4724.6
4538.8
4812.6
4811.9
4572.1
4679.3
4605.0
4552.8
4801.3
4534.8
4829.8
4557.7
4536.4
4570.6
4552.0
4534.0
4550.7
4586.2
4548.0
4557.3
4537.2
4590.7
4571.7
4497.4
4545.9
4530.3
4583.9
4587.8
4561.8
4539.4
4534.6
4545.0
4543.3
4554.4
4526.8
4545.0
4518.4
4547.2
4867.4
4499.2
4528.0
4553.0
4528.3
4599.2
4546.2
4527.8
4534.2
4587.6
4745.6
4589.5
4580.4
4578.4
4581.1
4577.2
4547.5
4533.8
4573.3
4538.0
4558.4
4511.7
4632.0
4615.7
4570.7
4552.8
4536.9
4560.8
4626.6
4552.2
4545.8
4526.5
4534.0
4615.8
4487.0
4566.2
4540.8
4567.2
4911.0
4576.5
4531.0
4577.9
4582.3
4433.8
4573.6
4555.9
4562.2
4560.3
4506.6
4556.0
4819.5
4573.2
4534.4
4547.3
4537.0
4458.7
4591.2
4548.1
4623.6
4551.5
4544.7
4534.0
4599.7
4591.7
4636.7
4602.0
4560.1
4590.1
4577.9
4555.5
4865.3
4695.6
4567.0
4591.3
4569.1
4562.7
4551.4
4542.2
