1719.1
1543.7
1568.4
1572.2
1571.3
1565.2
1554.1
1559.7
1547.4
1536.4
1578.4
1570.8
1553.5
1546.3
1539.7
1550.0
1570.0
1564.0
1554.2
1545.0
1555.0
1560.0
1569.2
1553.9
1544.0
1541.8
1588.2
1568.4
1583.8
1551.2
1547.8
1539.8
1557.8
1568.7
1585.6
1558.9
1539.4
1539.4
1566.5
1570.8
1577.0
1547.1
1545.6
1564.0
1581.0
1580.1
1554.0
1534.4
1571.0
1567.8
1626.7
1593.4
1560.2
1546.5
1586.4
1576.5
1620.3
1579.8
1557.4
1541.7
1564.2
1583.7
1617.1
1578.5
1619.3
1547.8
1582.5
1586.8
1619.5
1570.5
1544.5
1537.6
1574.4
1653.8
1590.2
1564.6
1550.7
1552.8
1613.2
1636.2
1586.3
1588.8
1566.3
1542.9
1590.8
1638.2
1584.6
1559.4
1515.6
1548.3
1610.7
1632.9
1563.9
1550.1
1548.7
1570.0
1581.0
1643.1
1572.2
1545.1
1569.4
1580.2
1653.5
1587.4
1588.3
1573.1
1546.9
1588.1
1590.3
1636.6
1579.6
1609.1
1540.9
1592.9
1607.6
1637.0
1576.2
1597.6
1629.4
1580.2
1606.6
1620.1
1598.4
1586.5
1591.2
1589.5
1638.5
1662.0
1604.7
1597.2
1580.5
1626.1
1644.0
1645.5
1643.3
1594.2
1593.0
1582.4
1608.9
1625.9
1641.9
1605.0
1587.6
1598.2
1606.3
1651.5
1678.1
1595.2
1602.2
1607.1
1573.7
1583.2
1608.5
1642.8
1615.0
1583.8
1576.9
1606.4
1640.0
1684.4
1616.5
1591.3
1578.8
1618.8
1643.8
1672.7
1629.0
1598.3
1581.5
1595.5
1600.0
1646.3
1675.8
1608.6
1587.7
1578.3
1639.4
1643.8
1693.0
1623.4
1606.0
1583.5
1583.3
1604.8
1667.5
1629.7
1608.2
1625.4
1589.0
1573.3
1600.1
1636.0
1619.3
1607.0
1607.5
1609.0
1618.8
1613.5
1610.5
1608.0
1577.7
1579.0
1592.1
1647.0
1675.4
1617.5
1593.4
1578.0
1614.9
1628.0
1689.2
1627.3
1611.6
1616.8
1608.0
1607.3
1629.5
1589.3
1575.2
1618.8
1623.2
1654.9
1618.2
1600.8
1580.3
1604.2
1643.9
1693.0
1628.3
1601.9
1589.4
1570.1
1621.1
1648.9
1661.9
1609.7
1582.2
1577.5
1607.8
1619.0
1684.8
1618.8
1596.0
1603.1
1588.5
1608.3
1686.5
1625.8
1604.5
1640.1
1581.0
1622.6
1650.8
1688.2
1620.0
1605.4
1588.0
1587.6
1621.9
1651.0
1621.8
1614.3
1612.3
1610.5
1619.8
1613.0
1609.9
1599.2
1602.8
1609.1
1608.2
1603.1
1602.5
1610.9
1634.5
1643.0
1641.5
1655.6
1632.5
1642.8
1640.9
1629.4
1623.4
1612.3
1666.9
1681.5
1708.7
1658.8
1637.9
1638.3
1627.3
1661.4
1654.8
1680.1
1689.5
1648.8
1631.4
1618.8
1666.5
1622.2
1651.7
1761.3
1712.4
1673.0
1636.1
1643.8
1658.0
1667.0
1659.8
1744.0
1706.9
1650.8
1614.0
1634.6
1650.8
1649.9
1665.5
1770.5
1715.0
1691.9
1664.2
1662.0
1739.3
1668.0
1665.9
1662.7
1760.2
1618.7
1614.5
1634.8
1763.3
1707.0
1664.3
1632.4
1624.6
1653.3
1672.1
1790.1
1708.8
1685.8
1661.8
1627.6
1621.9
1662.1
1682.3
1777.5
1728.5
1680.9
1735.0
1669.0
1650.5
1735.8
1625.1
1651.4
1670.6
1772.3
1720.2
1683.8
1643.0
1656.4
1677.9
1641.0
1617.2
1661.7
1685.8
1773.8
1712.6
1681.6
1762.2
1632.2
1636.2
1658.0
1765.1
1680.8
1799.0
1794.9
1783.5
1755.3
1676.4
1752.1
1674.5
1703.3
1683.8
1683.4
1722.5
1733.3
1785.1
1739.5
1744.0
1728.0
1709.4
1699.4
1709.0
1708.4
1702.6
1744.9
1668.5
1675.7
1698.6
1701.2
1803.8
1742.5
1771.2
1711.5
1695.2
1686.8
1682.5
1710.1
1719.1
1735.6
1803.8
1726.0
1713.6
1700.3
1686.8
1678.5
1693.4
1723.6
1739.2
1793.7
1736.5
1730.4
1708.2
1684.7
1640.5
1649.6
1688.4
1670.5
1739.2
1661.7
1680.9
1611.4
1673.0
1586.2
1592.9
1787.7
1722.6
1734.8
1698.1
1684.1
1688.2
1713.2
1720.9
1700.3
1776.2
1721.0
1726.0
1714.1
1703.2
1706.4
1708.3
1702.5
1703.6
1704.1
1699.2
1699.6
1684.6
1705.5
1705.0
1801.8
1708.1
1680.9
1635.3
1724.7
1685.5
1714.7
1702.0
1716.8
1810.0
1734.6
1710.3
1740.2
1753.7
1692.4
1681.2
1692.9
1717.6
1718.4
1854.3
1794.1
1742.3
1725.1
1738.0
1715.2
1669.0
1672.5
1700.0
1739.1
1839.8
1801.4
1828.8
1893.4
1870.4
1861.8
1862.7
1851.3
1839.5
1869.4
1837.7
1872.1
1884.8
1844.4
1810.2
1814.2
1824.4
1888.4
1833.5
1824.9
1831.2
1822.9
1892.8
1893.4
1870.5
1869.0
1859.9
1853.5
1850.0
1852.5
1844.9
1844.2
1836.5
1843.0
1825.0
1834.0
1880.1
1825.5
1817.0
1815.3
1836.0
1815.3
1809.9
1813.2
1903.8
1878.0
1844.0
1847.1
1829.7
1879.0
1870.9
1861.2
1846.1
1840.9
1839.8
1834.9
1844.2
1891.2
1848.8
1850.5
1843.8
1844.5
1843.6
1885.8
1855.2
1853.9
1841.1
1844.5
1842.1
1844.0
1844.8
1845.1
1842.0
1835.3
1841.9
1846.6
1846.5
1851.9
1892.2
1865.3
1823.3
1823.6
1831.1
1825.8
1826.4
1841.5
1843.4
1838.5
1846.1
1835.4
1843.5
1851.5
1830.4
1834.6
1843.3
1837.6
1850.0
1900.2
1867.2
1839.5
1835.1
1841.5
1844.0
1837.9
1840.5
1830.8
1825.0
1840.8
1791.0
1806.3
1814.5
1829.9
1830.4
1830.6
1847.0
1837.0
1899.5
1878.6
1869.2
1874.1
1855.1
1852.3
1838.0
1844.8
1832.4
1827.0
1819.3
1811.3
1833.9
1824.6
1837.7
1812.0
1819.6
1818.2
1897.6
1884.2
1873.8
1866.2
1860.3
1852.5
1908.0
1925.2
1893.7
1912.5
2006.3
1925.5
1869.3
1921.3
1944.8
1897.5
1934.3
1922.7
1930.1
1966.4
1924.6
1924.7
1927.6
1921.4
1917.3
1921.0
1920.9
1901.3
1913.8
1923.6
1912.9
1914.6
1915.4
1929.6
1929.9
1922.0
1929.2
1920.6
1926.1
1925.8
1930.0
1950.7
1907.8
1898.1
1914.3
1902.6
1914.0
1918.3
1918.0
1919.1
1923.8
1929.9
1930.2
1933.0
1934.7
1924.0
1933.7
1927.8
1918.7
1927.6
1922.6
1921.8
1924.3
1922.2
1927.8
1913.4
1918.3
1899.0
1911.1
1900.9
1926.5
1923.7
1924.0
1954.1
1935.8
1917.0
1914.8
1962.5
1947.1
1948.2
1962.3
1944.9
1928.9
1939.7
1933.2
1930.4
1932.7
1932.3
2046.0
1940.2
1927.7
1932.8
1924.1
1919.4
1926.4
1925.4
1913.0
1916.9
1939.3
1922.4
1908.2
1896.0
1885.1
1928.6
1982.0
2079.1
1946.9
1918.7
1933.3
1939.1
1923.8
1935.4
1942.0
1925.3
1925.1
1921.1
1926.9
1917.4
1921.3
1929.0
1939.9
1921.8
1927.6
1913.9
1917.9
2052.1
1917.6
1930.3
2051.2
1903.7
1927.8
1926.5
1907.9
1910.1
2047.1
1927.2
2060.4
1917.9
1938.3
1939.0
1942.8
1923.0
1925.4
1923.4
1928.2
2059.6
1931.5
1929.5
1929.4
2062.6
1919.7
1934.1
1943.3
2064.8
1911.6
1913.9
2053.7
1918.2
1932.8
2041.2
2094.2
2087.8
2073.6
2073.6
2076.5
2047.3
2071.0
2073.8
2074.1
2079.4
2073.7
2095.1
2079.0
2083.2
2078.7
2082.4
2091.2
2078.7
2076.6
2086.2
2101.5
2069.8
2086.5
2080.0
2073.7
2106.0
2064.9
2111.5
2053.9
2061.9
2057.2
2081.5
2096.8
2105.2
2087.0
2077.5
2076.9
2082.0
2073.3
2082.4
2088.6
2082.4
2082.3
2067.6
2104.0
2086.4
2076.0
2099.7
2102.5
2098.5
2086.5
2079.5
2087.5
2087.0
2087.1
2084.0
2064.3
2076.4
2091.1
2081.4
2056.6
2057.1
2065.8
2097.0
2104.7
2074.3
2080.7
2071.7
2089.0
2083.2
2143.2
2082.2
2078.0
2093.8
2079.2
2075.7
2089.9
2066.5
2097.6
2081.2
2075.0
2077.0
2088.6
2083.3
2073.8
2080.8
2071.0
2084.1
2078.7
2079.1
2071.5
2088.0
2059.8
2079.4
2030.2
2074.1
2076.1
2097.4
2073.9
2080.0
2081.4
2074.8
2087.6
2084.8
2070.4
2089.0
2072.2
2094.2
2072.2
2073.1
2082.5
2072.2
2088.6
2081.4
2084.8
2082.0
2050.0
2062.0
2051.6
2089.5
2093.9
2087.3
2106.2
2090.5
2069.2
2071.1
2077.9
2096.7
2074.4
2065.1
2075.1
2096.2
2079.4
2079.2
2088.6
2099.4
2082.1
2081.3
2081.8
2082.2
2066.8
2089.9
2085.8
2075.1
2076.5
2098.6
2111.4
2081.5
2074.5
2069.8
2073.4
2077.9
2078.5
2073.6
2081.7
2073.8
2093.4
2082.4
2078.3
2066.2
2092.3
2079.9
2078.2
2079.5
2137.9
2229.9
2241.8
2243.6
2272.3
2247.0
2247.9
2223.7
2211.8
2217.9
2241.3
2266.8
2245.8
2311.7
2241.9
2239.9
2243.6
2244.5
2270.1
2269.4
2230.0
2245.8
2240.3
2265.4
2242.4
2240.3
2250.6
2240.7
2237.8
2264.2
2236.0
2240.2
2242.7
2238.3
2264.1
2233.2
2249.6
2271.2
2219.8
2245.6
2222.4
2239.8
2254.3
2234.6
2242.5
2251.1
2241.5
2233.3
2265.0
2241.0
2245.8
2267.8
2254.0
2239.8
2251.3
2244.6
2272.4
2253.8
2237.0
2241.6
2244.2
2252.1
2233.9
2238.2
2253.6
2237.6
2256.2
2206.5
2205.1
2237.0
2268.4
2235.2
2244.0
2236.1
2237.7
2255.5
2238.5
2244.5
2255.2
2244.7
2251.6
2272.6
2241.6
2233.5
2241.2
2240.0
2264.1
2239.8
2240.8
2261.2
2244.5
2239.2
2265.4
2246.5
2236.8
2258.5
2215.3
2214.6
2240.7
2244.2
2258.4
2262.5
2247.2
2238.7
2234.6
2259.5
2245.2
2254.0
2268.6
2240.9
2239.3
2268.0
2246.9
2245.0
2270.5
2252.3
2212.7
2210.3
2220.2
2270.2
2273.3
2268.2
2242.1
2234.1
2254.8
2242.8
2259.3
2259.9
2250.2
2240.0
2249.8
2233.0
2242.6
2282.2
2285.7
2242.0
2244.0
2250.0
2260.3
2233.8
2248.1
2243.2
2247.0
2250.5
2241.6
2257.0
2226.1
2362.3
2229.7
2235.0
2238.5
2248.7
2237.1
2239.2
2261.6
2238.2
2247.9
2250.8
2230.5
2243.9
2297.7
2232.2
2259.9
2239.0
2241.8
2256.5
2239.5
2235.3
2231.8
2214.6
2218.0
2243.0
2244.7
2079.4
2079.6
2081.9
2147.9
2225.8
2274.9
2246.0
2244.2
2228.8
2077.5
2087.0
2086.4
2134.5
2234.9
2240.4
2270.1
2270.5
2235.6
2062.0
2074.3
2064.2
2100.9
2104.9
2096.9
2088.3
2163.8
2205.2
2211.5
2260.2
2084.9
2077.9
2073.5
2092.0
2111.9
2080.9
2084.8
2075.3
2084.8
2081.0
2081.0
2200.4
2246.3
2258.8
2270.5
2058.2
2075.8
2082.8
2076.7
2069.5
2089.9
2082.4
2081.2
2076.9
2192.1
2264.1
2218.2
2201.3
2093.1
2097.5
2090.6
2094.2
2081.1
2076.0
2102.9
2089.2
2087.9
2244.0
2260.2
2059.1
2074.9
2075.9
2078.8
2059.3
2074.5
2094.9
2076.9
2086.4
2121.4
2087.5
2075.0
2073.8
2153.5
2221.2
2055.8
2087.5
2091.3
2060.6
2063.2
2052.4
2059.4
2074.5
2093.3
2078.5
2074.2
2083.3
2110.5
2108.4
2127.5
2111.9
2076.0
2084.2
2105.9
2110.9
2155.5
2226.6
2257.9
2239.0
2282.7
2195.3
2033.8
2052.5
2080.5
2176.0
2226.8
2238.9
2284.8
2249.0
2232.7
2058.7
2115.9
2220.0
2245.5
2264.5
2249.6
2241.6
2243.1
2254.9
2292.2
2286.8
2242.1
2244.2
2235.6
2275.9
2231.2
2067.7
2110.1
2227.2
2243.7
2241.1
2220.2
2224.2
2081.9
2083.8
2079.6
2074.1
2078.6
2087.9
2083.8
2192.0
2261.7
2246.5
2220.7
2065.2
2118.2
2228.5
2265.2
2248.0
2245.4
2239.0
2256.0
2222.2
2241.9
2260.0
2245.6
2246.3
2247.7
2240.6
2253.4
2274.7
2254.8
2216.7
2229.2
2260.6
2091.1
2083.2
2076.0
2086.3
2105.0
2138.7
2221.5
2256.5
2244.4
2253.7
2304.1
2049.6
2076.7
2080.1
2093.2
2075.4
2072.3
2074.1
2165.8
2220.7
2217.3
2241.5
2252.0
2308.2
2061.0
2051.4
2073.3
2076.8
2074.0
2100.5
2083.5
2225.9
2245.1
2241.2
2208.3
2072.5
2076.4
2081.8
2182.8
2224.6
2257.3
2227.5
2236.1
2263.9
2285.1
2234.0
2238.7
2240.0
2249.1
2225.4
2212.7
2075.9
2141.1
2217.4
2240.5
2244.2
2247.2
2284.3
2051.0
2075.2
2073.1
2089.5
2109.1
2076.8
2078.5
2173.5
2267.6
2235.0
2243.2
2057.8
2074.0
2076.2
2062.0
2071.4
2101.7
2082.5
2081.3
2074.4
2105.5
2070.8
2158.2
2207.8
2261.9
2252.4
2069.5
2082.9
2081.8
2071.6
2085.1
2074.6
2099.3
2079.8
2076.9
2098.8
2139.2
2163.5
2224.5
2073.4
2093.6
2073.3
2077.5
2084.0
2058.2
2058.3
2055.3
2078.2
2079.1
2073.1
2105.8
2098.3
2078.5
2091.9
2138.1
2077.7
2084.5
2059.8
2071.6
2077.7
2098.2
2074.8
2076.5
2185.7
2259.2
2230.8
2220.0
2056.1
2144.1
2218.0
2237.6
2258.0
2285.2
2225.6
2063.0
2053.3
2029.8
2073.1
2125.0
2157.5
2223.7
2242.8
2247.9
2280.5
2298.5
2052.6
2065.5
2086.7
2087.2
2072.6
2157.8
2225.1
2242.1
2244.6
2238.5
2257.4
2240.8
2251.1
2244.1
2225.4
2264.0
2244.7
2236.2
2271.7
2259.0
2230.0
2265.5
2232.8
2250.4
2232.8
2239.7
2260.5
2233.6
2237.2
2238.5
2276.3
2235.0
2055.8
2111.3
2239.8
2262.1
2244.3
2245.6
2239.2
2078.0
2098.5
2076.4
2056.8
2064.8
2062.3
2074.9
2095.0
2081.4
2200.3
2265.8
2281.5
2239.2
2090.5
2078.7
2078.4
2062.6
2077.2
2184.6
2268.7
2243.1
2239.2
2068.8
2085.5
2086.1
2081.9
2102.2
2078.4
2078.8
2065.1
2087.1
2083.3
2080.8
2069.5
2051.1
2183.6
2211.4
2137.1
2098.4
2080.7
2070.1
2077.7
2118.3
2230.0
2269.0
2247.4
2241.6
2239.9
2232.9
2249.9
2244.5
2243.5
2281.7
2258.2
2244.0
2248.7
2239.0
2237.9
2226.2
2239.2
2256.6
2236.5
2252.2
2239.6
2166.5
2182.0
2069.2
2089.3
2086.7
2077.2
2103.1
2076.5
2073.6
2207.0
2236.0
2241.1
2227.9
2070.5
2085.8
2083.5
2072.9
2073.2
2100.6
2083.7
2083.7
2080.7
2196.5
2246.0
2235.8
2233.9
2061.5
2073.7
2097.0
2061.8
2079.1
2058.7
2074.0
2078.0
2078.9
2082.3
2074.7
2202.0
2288.1
2272.8
2233.8
2072.8
2085.0
2080.5
2084.5
2070.4
2155.4
2221.8
2246.3
2262.9
2054.4
2078.1
2052.7
2054.5
2062.0
2080.1
2082.3
2157.9
2235.8
2271.9
2238.3
2301.2
2224.2
2051.5
2081.2
2106.7
2171.4
2237.3
2243.0
2236.7
2236.3
2247.7
2057.8
2143.2
2225.3
2238.5
2251.6
2312.8
2221.8
2056.9
2085.2
2078.4
2137.2
2227.8
2222.3
2260.1
2293.7
2235.5
2057.9
2070.1
2083.6
2087.5
2075.7
2165.3
2225.4
2254.6
2250.0
2243.2
2281.5
2071.9
2081.1
2088.2
2165.8
2262.0
2242.9
2229.4
2255.3
2248.2
2239.8
2244.5
2253.7
2235.3
2299.1
2240.6
2221.9
2215.9
2246.5
2252.8
2237.7
2234.5
2238.8
2262.9
2241.5
2244.2
2244.2
2247.8
2290.5
2235.5
2280.7
2059.2
2162.5
2244.8
2247.5
2239.5
2238.3
2270.1
2235.6
2221.2
2211.0
2253.8
2249.8
2243.9
2233.8
2052.8
2078.2
2075.4
2086.6
2069.3
2096.0
2077.9
2198.7
2262.7
2304.8
2249.8
2067.1
2080.7
2082.9
2074.7
2076.0
2158.9
2228.9
2239.5
2249.4
2249.1
2240.8
2243.0
2238.3
2246.2
2209.2
2217.2
2242.8
2247.8
2061.4
2114.4
2220.3
2270.5
2245.3
2242.9
2243.6
2241.0
2274.1
2257.8
2247.1
2262.0
2240.3
2237.2
2280.7
2231.2
2052.0
2044.9
2048.8
2126.7
2228.2
2260.4
2325.0
2060.4
2076.3
2084.1
2081.1
2065.9
2088.4
2078.7
2081.7
2105.0
2227.4
2271.0
2238.8
2222.2
2069.2
2144.9
2228.0
2247.7
2233.1
2299.4
2229.1
2056.4
2073.0
2115.1
2114.6
2229.0
2259.2
2233.8
2331.0
2246.1
2063.5
2072.1
2070.1
2088.2
2107.7
2141.6
2224.2
2250.6
2238.7
2241.5
2260.0
2051.2
2087.9
2090.8
2096.1
2069.5
2072.4
2075.2
2086.7
2098.0
2080.0
2078.0
2232.5
2298.0
2063.8
2060.4
2097.3
2068.8
2077.9
2078.3
2080.2
2096.8
2080.4
2080.8
2079.6
2153.3
2259.3
2055.1
2095.9
2072.0
2130.1
2165.9
2100.1
2095.3
2216.1
2162.5
2163.5
2369.9
2243.6
2176.8
2164.5
2215.8
2266.8
2304.6
2401.0
2164.2
2126.8
2128.2
2135.8
2117.0
2108.9
2361.6
2127.1
2124.9
2105.4
2103.8
2009.6
1985.6
2296.4
2471.0
2466.1
2285.5
2247.4
2386.7
2127.6
2071.6
2040.0
2022.8
2037.3
2021.8
2033.1
2423.3
2774.8
2189.3
2204.9
2291.0
2267.2
2144.8
2144.1
2318.5
2277.8
2161.0
2276.2
2281.8
2291.0
2216.8
2412.0
2357.1
2259.5
2280.3
2281.6
2151.4
2356.6
2391.9
2265.0
2282.1
2293.4
2135.2
2346.8
2150.3
2119.5
2113.6
2151.5
2249.2
2273.8
2149.4
2282.5
2363.8
2100.7
2095.8
2122.2
2161.5
2255.2
2281.5
2155.5
2354.0
2264.2
2108.8
2174.0
2258.7
2298.6
2160.0
2309.3
2357.4
2094.8
2113.7
2142.6
2213.0
2283.8
2339.8
2382.3
2100.5
2116.9
2124.3
2213.8
2178.3
2177.0
2352.9
2089.3
2125.6
2165.7
2136.9
2126.2
2126.8
2015.2
2144.2
2337.8
2091.8
2107.5
2112.0
2121.0
2110.9
2141.5
2129.5
2139.8
2003.5
1986.4
2003.5
1992.0
2187.7
2215.0
2126.7
2122.2
2213.1
2146.7
2159.9
2307.4
2211.1
2160.9
2264.7
2260.7
2278.2
2153.0
2381.2
2095.4
2108.2
2108.5
2108.4
2146.9
2092.0
2090.2
2219.7
2204.8
2358.1
2351.2
2098.0
2110.3
2122.3
2108.2
2118.6
2111.2
2376.0
2083.0
2094.9
2102.0
2140.4
2198.0
2134.7
2116.0
2156.9
2013.8
2138.8
2322.7
2202.6
2116.0
2121.8
2153.2
2249.9
2261.8
2173.5
2213.2
2290.7
2091.8
2124.0
2101.6
2097.4
2013.2
1987.4
1979.8
1996.7
2125.8
2331.7
2379.2
2108.4
2160.1
2168.9
2128.1
2146.4
2121.0
2013.4
2006.7
2013.5
2198.6
2256.0
2150.1
2122.3
2116.6
2225.2
2221.0
2192.1
2357.9
2115.7
2121.6
2129.2
2122.7
2108.9
2124.4
2128.9
2136.5
2306.0
2110.5
2138.1
2210.4
2115.0
2135.8
2106.0
1999.5
1997.2
2249.2
2250.0
2128.9
2126.6
2131.6
2107.6
2223.0
2170.2
2277.0
2378.2
2108.2
2131.9
2125.0
2203.8
2171.9
2181.9
2339.9
2253.7
2111.2
2105.8
2162.1
2279.0
2307.2
2179.4
2360.2
2271.1
2092.4
2154.8
2253.8
2276.5
2166.2
2125.2
2245.8
2337.2
2282.9
2322.0
2289.4
2234.8
2364.2
2276.0
2272.8
2267.0
2279.3
2169.4
2359.5
2098.5
2118.1
2117.1
2220.4
2300.6
2161.8
2354.9
2094.2
2117.6
2109.5
2135.6
2112.0
2196.8
2176.6
2196.5
2342.0
2186.5
2162.7
2136.3
2196.4
2262.8
2299.1
2180.0
2309.6
2288.1
2110.8
2176.9
2255.7
2278.4
2168.2
2355.9
2441.6
2134.2
2223.6
2258.2
2282.3
2183.3
2318.5
2287.5
2108.1
2178.2
2258.5
2292.8
2153.9
2253.2
2421.1
2127.0
2128.8
2135.8
2118.9
2123.8
2269.1
2226.7
2359.0
2377.8
2112.4
2123.0
2154.2
2174.7
2210.2
2331.9
2351.6
2122.7
2127.3
2129.4
2146.1
2154.4
2244.8
2202.3
2364.0
2315.2
2139.4
2187.5
2156.7
2134.8
2164.1
2146.1
2386.9
2109.5
2126.8
2128.3
2129.8
2139.0
2121.0
2148.3
2142.0
2215.6
2408.3
2289.2
2305.8
2283.8
2305.0
2354.7
2267.4
2271.8
2293.8
2304.4
2184.2
2368.9
2137.2
2156.1
2141.4
2133.0
2123.5
2152.5
2301.6
2354.6
2280.0
2280.6
2274.6
2194.4
2367.5
2322.2
2142.1
2171.6
2255.5
2322.5
2366.5
2103.5
2122.5
2149.2
2171.9
2274.1
2257.9
2162.5
2189.0
2363.1
2151.1
2141.6
2137.6
2123.4
2137.7
2216.1
2277.7
2197.9
2370.0
2115.1
2168.8
2156.1
2131.8
2139.3
2162.9
2030.0
2180.7
2369.8
2109.2
2132.5
2142.6
2137.2
2120.8
2124.8
2143.3
2205.6
2405.1
2129.9
2110.0
2123.7
2130.4
2144.5
2160.9
2174.0
2188.6
2380.8
2238.7
2192.0
2280.8
2291.8
2257.9
2386.8
2300.2
2280.5
2297.6
2273.0
2194.8
2362.0
2361.0
2274.4
2292.4
2301.2
2315.5
2321.7
2487.8
2291.1
2284.8
2280.6
2350.6
2585.7
2290.5
2281.1
2284.1
2378.5
2304.5
2291.1
2211.2
2387.8
2287.0
2282.3
2294.9
2286.5
2206.7
2372.0
2286.0
2279.4
2276.0
2275.8
2193.8
2335.3
2381.6
2360.3
2341.1
2330.9
2259.2
2605.2
2538.1
2522.3
2613.8
2440.2
2277.6
2393.3
2630.8
2317.2
2303.2
2315.1
2229.3
2415.0
2409.2
2309.7
2314.4
2283.5
2268.5
2572.5
2462.1
2327.8
2371.8
2368.6
2317.9
2308.1
2321.0
2234.3
2415.0
2302.8
2300.3
2266.5
2367.5
2302.4
2317.0
2344.5
2299.8
2421.4
2579.5
2297.0
2343.2
2352.0
2264.8
2401.1
2136.9
2170.8
2295.4
2397.8
2304.0
2386.5
2421.5
2135.0
2199.6
2299.5
2353.6
2364.8
2152.1
2189.2
2295.8
2321.5
2239.2
2263.6
2461.7
2164.2
2190.0
2291.2
2310.6
2260.5
2360.0
2310.0
2300.2
2308.4
2297.8
2241.6
2499.9
2329.7
2353.6
2285.5
2422.5
2323.9
2323.9
2257.3
2359.3
2304.2
2302.8
2318.0
2232.5
2307.9
2438.5
2304.9
2297.5
2296.9
2319.6
2434.8
2573.2
2276.8
2313.2
2310.3
2224.2
2402.3
2170.7
2174.1
2286.6
2298.7
2300.3
2233.3
2405.8
2415.2
2337.7
2309.5
2297.8
2294.4
2410.3
2340.5
2324.7
2235.8
2363.4
2298.3
2301.0
2331.5
2257.3
2247.8
2416.1
2303.7
2309.1
2302.5
2276.4
2622.5
2509.1
2537.8
2487.6
2593.2
2286.5
2298.9
2331.0
2620.1
2421.0
2284.6
2630.8
2489.4
2316.0
2346.0
2237.1
2558.8
2464.8
2288.1
2313.2
2239.0
2251.5
2377.8
2315.6
2335.0
2299.4
2403.6
2320.8
2309.0
2341.4
2265.2
2394.3
2315.1
2301.6
2323.2
2309.7
2431.1
2604.1
2317.1
2309.0
2318.0
2227.8
2368.4
2312.8
2315.1
2317.3
2306.0
2259.4
2380.0
2410.1
2368.5
2395.5
2268.7
2246.4
2362.3
2157.2
2242.0
2317.0
2240.1
2371.6
2135.0
2164.3
2150.3
2162.3
2163.2
2201.0
2229.4
2365.9
2281.6
2118.2
2210.6
2315.2
2341.8
2270.8
2331.1
2268.8
2309.7
2300.2
2406.6
2303.5
2402.9
2325.0
2368.4
2350.2
2341.7
2440.1
2439.2
2348.1
2354.3
2321.9
2428.7
2489.8
2483.0
2555.5
2626.7
2580.6
2629.8
2556.5
2579.8
2611.3
2349.8
2479.8
2581.6
2738.7
2552.3
2569.5
2637.4
2551.7
2528.3
2617.7
2553.5
2551.7
2806.3
2746.8
2618.1
2692.7
2552.3
2563.0
2864.5
2709.8
2551.5
2611.6
2573.3
2552.5
2523.4
2691.6
2633.2
2582.9
2611.6
2549.5
2561.0
2512.2
2614.6
2564.4
2576.2
2632.1
2574.3
2578.8
2551.7
2670.7
2541.4
2543.4
2660.2
2365.1
2460.1
2582.5
2601.1
2662.7
2589.0
2620.4
2612.5
2642.9
2624.6
2580.3
2557.5
2571.2
2615.5
2546.1
2568.1
2607.6
2365.4
2491.8
2593.6
2616.3
2557.7
2547.7
2540.0
2666.8
2554.7
2547.7
2604.6
2362.4
2466.6
2585.2
2637.0
2561.2
2582.8
2609.5
2566.5
2549.8
2540.2
2584.6
2319.6
2455.9
2552.1
2749.2
2573.4
2551.5
2600.7
2548.0
2569.6
2515.2
2575.8
2312.8
2474.0
2527.6
2664.2
2643.7
2639.4
2564.5
2575.8
2515.1
2620.2
2548.6
2507.3
2624.0
2549.5
2538.1
2558.7
2659.5
2566.4
2537.0
2591.6
2565.1
2601.5
2638.8
2557.5
2567.7
2562.1
2345.8
2425.3
2597.1
2667.5
2588.4
2578.2
2622.8
2616.1
2559.6
2603.7
2512.1
2328.1
2501.9
2636.9
2354.3
2461.0
2535.3
2608.6
2555.5
2574.4
2641.1
2515.4
2371.2
2510.2
2575.2
2366.8
2631.2
2578.2
2354.2
2371.4
2314.4
2599.1
2506.0
2323.0
2352.5
2332.6
2594.0
2504.5
2403.2
2404.8
2442.4
2484.8
2460.8
2564.7
2589.5
2528.5
2401.0
2658.6
2726.9
2596.6
2651.6
2730.0
2600.1
2593.7
2656.2
2597.6
2659.0
2697.3
2623.0
2616.9
2675.8
2604.0
2688.7
2723.1
2593.4
2596.2
2681.0
2598.4
2611.6
2606.2
2694.8
2751.7
2909.2
2626.5
2614.6
2655.4
2607.5
2613.2
2665.5
2621.5
2614.2
2652.8
2571.9
2566.4
2614.9
2782.8
2741.8
2880.2
2581.3
2812.7
2838.2
2558.2
2823.6
2746.9
2630.8
2941.8
2921.4
2975.0
2859.6
2910.3
2862.4
2926.8
2886.5
2936.9
2862.5
2865.1
2610.4
2859.6
2840.0
2586.5
2817.2
2759.3
2576.5
2580.1
2634.0
2564.8
2593.4
2642.4
2649.9
2666.7
2677.2
2590.8
2588.7
2645.6
2600.5
2580.6
2590.4
2642.7
2569.5
2614.4
2752.8
2619.9
2590.4
2860.7
2769.4
2598.5
2942.8
2850.2
2867.6
2577.9
2592.4
2608.6
2990.0
2931.5
2863.8
