1741.8
1582.5
1593.7
1599.0
1560.8
1555.3
1576.4
1565.4
1562.2
1551.8
1539.5
1586.5
1590.9
1595.5
1591.8
1584.6
1552.7
1559.5
1548.0
1544.4
1566.3
1587.0
1637.6
1586.2
1570.8
1569.3
1541.4
1586.0
1618.1
1541.0
1606.5
1572.2
1548.5
1534.8
1575.9
1613.9
1540.6
1605.8
1564.2
1549.5
1535.7
1566.5
1569.9
1624.1
1591.5
1575.0
1565.9
1539.9
1587.3
1613.8
1641.2
1644.7
1607.4
1604.6
1589.9
1596.2
1599.8
1596.4
1601.2
1607.3
1597.5
1597.4
1587.3
1619.7
1642.5
1626.5
1689.8
1636.3
1615.4
1596.4
1578.2
1615.4
1579.7
1610.7
1657.9
1601.0
1616.1
1608.2
1609.0
1553.4
1597.3
1635.6
1639.0
1680.6
1629.5
1620.0
1615.0
1603.0
1615.9
1622.4
1620.3
1617.2
1632.3
1616.2
1616.0
1623.8
1618.6
1595.9
1585.8
1578.0
1580.5
1590.5
1695.0
1644.7
1613.5
1610.6
1633.0
1588.4
1592.3
1573.8
1605.6
1649.3
1698.9
1638.4
1621.8
1593.3
1591.3
1580.8
1650.2
1632.7
1684.5
1711.0
1654.9
1633.5
1634.0
1629.8
1625.1
1667.0
1730.5
1644.3
1768.5
1747.9
1716.6
1691.4
1681.8
1641.5
1626.0
1621.2
1654.7
1682.0
1688.3
1684.7
1785.7
1722.6
1708.3
1668.7
1648.5
1623.9
1626.0
1656.0
1730.3
1617.8
1764.2
1713.0
1719.7
1700.5
1698.9
1682.8
1675.8
1670.7
1716.5
1733.8
1748.4
1687.5
1716.1
1731.1
1800.7
1737.3
1733.8
1719.5
1712.0
1692.5
1684.3
1683.8
1704.2
1690.7
1696.9
1714.5
1725.0
1779.1
1735.3
1734.0
1716.5
1700.2
1700.8
1676.9
1714.0
1722.3
1720.7
1727.5
1720.0
1721.9
1791.7
1759.2
1730.7
1719.4
1718.0
1715.2
1715.9
1706.7
1716.5
1710.4
1714.3
1712.0
1756.8
1828.0
1808.2
1818.5
1822.8
1818.8
1826.7
1815.5
1818.9
1823.8
1816.5
1821.2
1821.5
1814.8
1824.5
1805.1
1812.4
1813.8
1817.3
1819.5
1827.2
1818.8
1819.4
1818.0
1821.7
1816.6
1819.9
1811.4
1816.0
1816.8
1818.2
1815.4
1822.2
1813.4
1812.0
1817.3
1826.5
1811.8
1821.8
1814.1
1813.0
1815.2
1803.2
1805.1
1817.9
1821.0
1823.1
1817.5
1813.2
1807.3
1814.7
1815.0
1817.9
1836.0
1835.2
1838.3
1837.8
1929.7
1935.2
1925.8
1924.2
1919.5
1930.1
1901.4
1905.9
1887.8
1929.0
1925.0
1921.3
1924.5
1938.8
1936.2
1911.5
1963.7
1930.9
1924.4
1925.3
1919.2
1920.7
1914.8
1956.3
1932.8
1923.5
1932.1
1929.8
1928.5
1914.5
1949.0
2071.1
1924.4
1993.0
1923.4
1936.7
1935.4
1940.2
1937.5
1906.4
1919.4
1901.2
1931.6
1952.0
1908.8
1932.0
1925.8
1909.8
1931.0
1930.8
1919.3
1925.8
1943.6
1941.3
1931.4
1945.6
1958.7
1959.2
1966.8
1986.6
1987.1
1996.7
2004.3
2017.4
2028.6
1904.2
1928.2
1919.2
1924.3
1923.2
2068.5
2071.1
2167.8
2112.9
2075.0
2071.5
2089.9
2110.3
2086.6
2070.0
2092.0
2107.8
2071.8
2088.0
2112.3
2073.9
2101.9
2113.1
2086.7
2080.6
2082.2
2113.5
2083.7
2080.1
2099.0
2088.5
2082.5
2078.8
2116.6
2080.2
2077.2
2049.0
2068.8
2073.0
2085.9
2091.5
2069.7
2082.8
2085.7
2088.2
2073.6
2073.0
2109.1
2093.4
2083.4
2068.4
2109.9
2073.3
2088.0
2092.5
2079.1
2076.0
2064.7
2070.5
2065.0
2077.5
2097.1
2077.6
2082.8
2067.5
2100.8
2072.7
2080.5
2096.0
2081.5
2200.5
2250.5
2231.0
2239.2
2275.6
2252.5
2243.8
2235.9
2244.7
2232.2
2240.0
2258.0
2258.1
2246.5
2238.9
2255.6
2240.1
2228.9
2221.3
2202.7
2272.6
2247.4
2248.0
2239.6
2250.2
2246.2
2238.1
2254.2
2252.0
2272.2
2236.7
2242.2
2266.1
2243.7
2270.5
2244.5
2238.3
2241.5
2248.9
2227.2
2252.0
2239.9
2241.2
2275.5
2237.7
2238.9
2228.7
2232.6
2216.5
2242.8
2265.5
2254.1
2239.5
2244.1
2269.0
2239.3
2259.3
2246.8
2235.1
2251.5
2246.3
2240.1
2233.6
2258.6
2233.1
2254.7
2228.0
2215.0
2232.4
2228.5
2254.4
2240.1
2272.5
2266.8
2235.5
2266.8
2252.0
2235.7
2235.0
2245.2
2248.6
2258.4
2241.6
2247.3
2278.0
2245.8
2247.6
2239.0
2235.5
2252.6
2235.5
2268.9
2249.5
2237.7
2247.0
2263.3
2425.8
2433.6
2484.9
2451.0
2468.0
2446.4
2477.0
2444.5
2436.5
2481.3
2461.8
2450.6
2478.1
2461.0
2455.5
2475.7
2459.8
2470.8
2462.8
2458.2
2471.3
2454.4
2448.0
2460.0
2444.8
2502.5
2445.3
2421.9
2437.2
2450.5
2438.8
2474.8
2448.9
2444.8
2466.3
2450.5
2455.8
2484.0
2469.7
2474.4
2452.2
2449.1
2471.2
2455.4
2448.4
2491.7
2450.2
2427.8
2414.5
2454.7
2457.2
2438.2
2446.6
2474.7
2453.9
2452.8
2463.6
2450.9
2460.1
2467.2
2440.5
2470.8
2457.6
2446.5
2470.5
2451.1
2443.3
2490.1
2446.0
2449.5
2469.0
2455.1
2465.8
2441.5
2482.6
2482.2
2445.0
2448.5
2479.0
2484.2
2451.4
2479.9
2462.3
2449.1
2477.5
2456.8
2456.3
2452.4
2452.2
2452.4
2463.6
2452.5
2475.5
2484.5
2446.9
2474.5
2453.2
2446.5
2503.8
2435.9
2446.1
2443.8
2435.1
2480.5
2481.4
2450.0
2457.0
2465.5
2440.4
2478.8
2476.9
2459.5
2473.9
2449.1
2439.2
2230.8
2248.5
2249.3
2388.1
2450.6
2201.8
2216.1
2247.1
2261.4
2269.2
2439.8
2388.8
2224.2
2266.3
2250.5
2476.9
2391.5
2254.5
2243.0
2241.3
2445.6
2447.2
2473.7
2449.2
2453.5
2221.0
2272.8
2235.0
2363.7
2422.0
2220.9
2249.5
2267.8
2228.6
2235.3
2042.7
2107.2
2222.4
2233.5
2260.0
2265.0
2234.0
2271.0
2248.0
2240.2
2231.6
2334.5
2072.1
2104.7
2231.0
2244.8
2239.9
2259.8
2235.3
2244.0
2212.0
2236.1
2229.1
2260.5
2238.5
2258.2
2285.0
2237.5
2238.6
2305.6
2236.1
2244.2
2239.0
2240.2
2242.5
2285.6
2245.3
2240.4
2238.6
2272.5
2232.7
2297.9
2248.4
2243.2
2265.0
2250.0
2254.1
2230.5
2217.5
2315.0
2435.2
2452.9
2483.7
2453.5
2440.3
2468.2
2243.8
2246.5
2254.2
2449.1
2397.1
2222.3
2251.3
2317.9
2256.7
2243.0
2262.8
2324.0
2435.6
2217.7
2233.0
2261.2
2241.0
2251.3
2053.3
2086.0
2101.3
2140.3
2211.7
2219.0
2241.0
2256.8
2258.8
2241.6
2241.0
2252.7
2244.5
2263.9
2235.1
2279.9
2292.1
2239.5
2265.2
2066.5
2113.3
2226.3
2250.4
2250.3
2243.2
2231.2
2220.4
2257.7
2255.5
2255.8
2393.2
2503.5
2325.9
2182.7
2332.9
2326.2
2286.7
2304.0
2153.0
2378.0
2534.8
2285.2
2309.5
2160.7
2360.1
2388.9
2315.5
2135.1
2303.3
2359.7
2278.1
2276.5
2158.1
2305.4
2301.8
2309.3
2162.9
2170.7
2487.9
2208.0
2372.3
2268.3
2396.0
2264.5
2264.8
2204.5
2326.3
2420.7
2385.4
2443.0
2592.1
2698.6
2325.1
2156.4
2349.3
2288.6
2327.6
2162.0
2153.3
2388.5
2141.3
2121.8
2126.0
2121.2
2124.9
2112.0
2217.8
2329.3
2269.0
2270.0
2286.8
2145.9
2148.1
2295.8
2115.2
2109.4
2101.1
2195.3
2271.5
2151.6
2335.9
2290.7
2230.4
2248.5
2163.1
2267.3
2395.5
2331.7
2289.5
2528.9
2431.6
2262.0
2300.6
2179.8
2537.8
2407.2
2255.5
2332.0
2561.2
2292.2
2290.5
2193.5
2410.8
2536.8
2271.9
2210.8
2337.8
2390.3
2274.2
2295.3
2240.6
2192.0
2385.2
2281.5
2272.9
2459.0
2397.2
2596.4
2500.5
2491.2
2569.8
2479.0
2470.9
2463.1
2670.5
2514.8
2400.5
2597.9
2281.5
2417.0
2385.5
2531.2
2502.2
2484.0
2361.7
2583.0
2312.0
2408.0
2426.0
2567.6
2485.2
2503.9
2546.9
2428.5
2270.6
2454.7
2555.4
2305.2
2487.0
2405.4
2568.2
2502.1
2500.9
2551.8
2484.1
2488.7
2458.3
2519.5
2502.9
2550.8
2591.5
2492.6
2397.1
2516.3
2260.8
2388.0
2415.2
2570.2
2482.2
2497.0
2405.0
2547.2
2320.5
2421.1
2427.7
2566.6
2481.8
2517.0
2551.9
2491.6
2537.4
2394.9
2548.5
2294.5
2501.1
2411.0
2572.8
2484.8
2400.8
2577.0
2507.2
2494.5
2559.6
2482.9
2479.4
2426.8
2573.3
2493.0
2517.5
2596.7
2505.5
2521.3
2629.7
2519.0
2505.3
2632.9
2507.9
2559.0
2698.5
2556.8
2486.3
2578.8
2302.2
2469.0
2493.8
2600.7
2509.0
2445.4
2620.1
2535.5
2466.4
2598.2
2514.3
2515.0
2825.1
2688.1
2483.2
2851.5
2789.9
2809.3
2558.8
2692.2
2794.1
2549.9
2625.0
2536.2
2520.0
2448.2
2605.3
2521.5
2521.6
2616.2
2565.0
2469.8
2638.0
2511.9
2482.8
2554.2
2308.3
2455.0
2556.2
2301.3
2421.8
2461.9
2651.4
2530.7
2516.0
2591.1
2514.9
2514.6
2437.2
2599.9
2505.1
2426.3
2577.2
2294.0
2532.5
2599.3
2287.4
2409.8
2454.0
2606.5
2504.3
2437.9
2640.5
2515.9
2444.0
2626.5
2641.5
2559.6
2890.6
2832.5
2848.9
2546.4
2778.0
2812.0
2536.5
2779.8
2745.5
2548.5
2865.8
2681.4
2525.2
2878.5
2829.3
2853.1
2547.0
2778.2
2916.3
2853.5
2926.8
2878.4
2895.1
2841.9
2929.0
2830.9
2907.5
2853.1
2889.1
2836.8
2934.0
2866.9
2895.5
2828.2
2826.2
2860.2
2803.6
2875.8
2827.7
2881.3
2837.5
2858.2
2838.6
2873.8
2827.5
2843.8
2824.1
2884.4
2913.2
2834.8
2911.6
2850.5
2882.8
2874.1
2914.2
2851.0
2816.2
2822.4
2860.1
2965.0
2913.2
2981.2
2908.7
2918.4
2857.3
2918.6
2845.5
2864.6
2843.0
2863.1
2850.7
2917.9
2957.8
3215.1
3249.6
3239.0
3179.2
2915.6
3284.0
3223.8
3239.5
3244.3
2874.2
3328.2
3260.0
3239.0
3327.5
3242.1
3225.0
3296.9
3248.1
3246.9
3315.5
3216.0
3231.2
3263.5
3241.1
3257.6
3285.4
3178.8
3240.2
3359.4
3259.6
3242.4
3292.7
3291.9
3303.7
3288.4
3242.3
3269.6
3329.8
3245.0
3267.7
3232.6
3243.0
3300.0
3249.0
3283.9
3332.0
3271.5
3281.1
3274.8
3228.6
3227.0
3265.3
3605.2
3361.7
3263.4
3310.3
3267.0
3235.5
3691.6
3694.8
3635.5
3396.9
3336.8
3260.2
3253.7
3689.1
3680.5
3333.8
3294.8
3269.5
3235.7
3231.2
3258.7
3318.4
3327.6
3319.2
3231.7
3224.5
3720.2
3694.5
3689.1
3400.1
3315.6
3291.5
3241.8
3663.3
3648.3
3319.9
3233.2
3269.4
3224.4
3256.4
3298.0
3226.3
3225.9
3255.5
3228.9
3269.0
3217.2
3170.8
3305.1
3307.5
3271.3
3260.8
3241.4
3234.4
3236.8
3232.4
3260.8
3241.5
3311.2
3263.5
3233.3
2886.8
3184.2
3229.9
3154.2
2841.9
3260.7
3283.8
3280.0
3308.6
3255.8
2878.5
3259.2
3269.4
3312.5
3236.1
3246.9
3307.6
3261.6
3251.0
3267.6
3234.4
2850.1
3157.8
3224.8
3191.8
2943.6
3338.0
3305.0
3256.8
3313.6
3257.7
3228.8
3223.9
3226.7
3294.8
3375.2
3278.6
3304.4
3293.1
3283.8
3292.1
3306.5
3258.7
3262.0
3347.1
3280.9
3261.4
3266.3
3253.0
3245.7
3300.1
3226.0
3233.2
3302.3
3256.8
3269.8
3224.7
3261.5
3302.5
3258.8
3255.0
3231.5
3248.0
3329.2
3293.9
3251.0
3286.8
3283.1
3557.1
3379.8
3285.2
3264.4
3319.1
3293.9
3244.3
3274.7
3296.5
3241.1
3272.2
3706.4
3649.1
3325.9
3225.9
3324.0
3297.2
3249.5
3200.3
3141.8
3174.6
3203.3
3303.1
3333.4
3278.5
3275.0
3292.4
3239.6
3232.8
3263.2
3240.0
3286.0
3354.3
3242.5
3241.4
3261.0
3280.1
3331.5
3307.9
3255.4
3321.4
3635.8
3663.6
3379.0
3255.5
3293.0
3238.8
3271.2
3207.5
3237.0
3348.1
3277.5
3261.9
3244.6
3239.6
3272.0
3226.8
3240.8
3297.9
3336.6
3232.8
3338.0
3274.2
3246.7
3698.1
3667.5
3313.4
3226.0
3346.0
3250.2
3242.8
3698.9
3680.5
3652.6
3372.5
3268.9
3226.0
3306.2
3296.0
3250.8
3220.0
3319.5
3237.0
3223.8
3270.2
3597.1
3451.0
3330.2
3249.3
3250.6
3270.4
3564.4
3354.2
3270.4
3243.1
3300.0
3323.4
3262.6
3229.8
3262.8
3251.0
3268.7
3221.6
3223.5
3297.5
3283.9
3294.0
3328.2
3288.3
3268.8
3280.6
3239.1
3286.5
3615.7
3727.8
3693.4
3400.4
3318.6
3231.3
3223.3
3285.8
3229.1
3238.3
3338.5
3280.2
3242.0
3700.8
3654.6
3311.2
3240.1
3266.0
3218.4
3380.5
3422.2
3281.0
3208.9
3236.5
3164.3
3301.8
3283.4
3271.9
3351.5
3257.7
3200.5
3306.2
3247.6
3253.9
3313.2
3289.3
3252.3
3312.7
3628.5
3393.4
3285.5
3260.6
3239.4
3281.7
3625.1
3655.2
3673.8
3779.1
3715.2
3704.1
3677.1
3273.9
3136.6
3082.1
2670.3
2910.1
3206.7
2921.6
2949.0
3168.0
3288.0
3188.7
2863.1
3222.4
2976.9
2955.3
2979.5
3305.7
3272.5
3236.7
3254.7
2899.7
3295.6
3272.4
3245.2
3305.7
3255.6
2868.3
3163.5
3239.5
3195.8
2862.2
3324.2
3263.2
3330.5
3380.2
3313.6
3249.2
3272.6
3254.5
3305.5
3346.8
3325.1
3289.1
3348.6
3257.0
3255.5
3295.4
3246.3
3265.1
3660.7
3332.0
3238.0
3345.4
3279.7
3271.5
3688.5
3422.5
3303.4
3304.2
3252.3
3249.7
3706.8
3732.4
3335.4
3263.5
3277.8
3225.2
3261.1
3265.7
3327.7
3335.2
3351.2
3258.9
3248.9
3723.9
3694.4
3673.9
3683.6
3433.2
3318.1
3262.4
3236.7
3708.4
3684.7
3682.2
3677.1
3674.2
3668.8
3801.8
3690.8
3673.2
3661.6
3513.7
3242.2
3234.4
3721.6
3726.7
3703.8
3670.6
3646.2
3316.6
3263.3
3273.8
3232.6
3232.1
3306.2
3243.6
3326.6
3325.0
3274.0
3261.2
3680.8
3666.3
3377.4
3322.1
3295.4
3247.8
3663.7
3676.9
3698.9
3632.8
3669.0
3404.0
3311.4
3264.6
3273.8
3675.9
3682.2
3653.5
3689.0
3671.7
3700.1
3703.1
3675.9
3499.7
3323.6
3272.6
3249.3
3687.1
3628.5
3663.1
3664.6
3666.2
3641.0
3383.4
3278.4
3237.2
3224.8
3263.6
3644.6
3674.0
3381.1
3259.0
3226.6
3263.8
3347.8
3251.3
3235.8
3403.4
3311.9
3245.0
3707.0
3662.7
3318.5
3243.4
3291.1
3241.0
3286.0
3712.9
3668.1
3675.4
3378.3
3270.4
3233.4
3236.0
3281.0
3329.5
3297.2
3276.3
3243.3
3264.3
3309.0
3236.7
3225.8
3244.8
3281.8
3276.5
3253.3
3231.6
3259.2
3224.3
3296.5
3283.3
3242.2
3294.2
3270.7
3279.8
3274.0
3268.6
3248.5
3284.9
3284.5
3267.4
3237.9
3272.7
3289.5
3322.2
3290.4
3243.2
3230.5
3663.2
3364.5
3261.2
3338.1
3317.4
3261.3
3657.9
3648.2
3299.5
3233.8
3287.0
3248.3
3245.5
3251.2
3230.0
3268.3
3231.8
3225.6
3267.8
3255.4
3280.4
3265.5
3281.5
3276.5
3281.3
3228.8
3228.0
3278.9
3270.0
3280.8
3258.5
3276.2
3273.1
3263.6
3219.3
3235.7
3269.2
3242.4
3266.4
3218.2
3246.5
3273.9
3175.1
3207.4
3259.5
3221.6
3259.0
3230.3
3218.9
3272.2
3294.9
3304.7
3270.4
3221.5
3219.5
3265.5
3287.2
3282.4
3275.4
3321.2
3287.5
3281.0
3261.8
3318.3
3655.1
3322.5
3237.5
3258.6
3268.0
3323.5
3278.8
3225.0
3258.3
3339.5
3288.8
3255.1
3685.9
3721.1
3680.2
3654.5
3429.1
3316.6
3286.0
3257.1
3670.5
3641.5
3374.6
3272.2
3308.0
3239.8
3260.3
3690.4
3658.7
3320.3
3227.9
3312.5
3247.5
3254.7
3238.5
3285.0
3299.4
3247.5
3222.4
3260.8
3296.5
3300.5
3312.8
3296.2
3270.4
3271.2
3577.9
3410.5
3279.5
3303.6
3297.6
3355.2
3708.6
3678.7
3398.3
3359.9
3299.5
3243.1
3681.1
3788.7
3757.7
3715.0
3715.7
3658.5
3715.8
3682.5
3725.3
3913.5
3761.4
3721.8
3718.6
3730.7
3689.8
3712.6
3817.1
4244.1
4062.2
5191.7
4765.7
4665.1
4541.5
4583.8
4799.9
4008.6
3991.1
3963.1
3885.0
4508.1
4402.4
4297.7
3764.0
3922.5
4437.5
4392.5
4401.5
4326.0
4409.2
4393.4
4342.7
3791.1
3736.4
3685.0
3664.0
3710.3
3784.5
3685.1
3663.4
3676.2
3760.8
3841.0
3724.9
3758.4
3857.0
3838.5
3762.5
3736.5
3723.4
3699.7
3706.7
3680.5
3723.1
3777.2
3674.5
3683.8
3698.2
3700.9
3596.1
3537.5
3609.2
3344.6
3731.2
3677.0
3668.7
3656.7
3651.0
3663.5
3690.0
3711.2
3692.1
3690.3
3703.8
3700.7
3691.2
3702.5
3661.2
3630.8
3308.8
3700.7
3699.7
3683.6
3675.2
3654.5
3454.6
3292.8
3295.3
3317.9
3303.9
3591.5
3380.1
3320.7
3235.2
3257.0
3291.0
3612.7
3715.2
3432.8
3320.6
3253.2
3250.8
3692.7
3642.9
3337.5
3391.1
3377.3
3246.9
3242.2
3653.0
3734.6
3698.8
3397.6
3279.5
3299.4
3294.0
3304.8
3603.0
3392.0
3293.5
3244.6
3240.4
3273.6
3606.2
3699.3
3652.9
3641.0
3673.4
3660.4
3494.5
3276.7
3265.1
3276.3
3736.6
3683.7
3645.2
3645.9
3391.8
3271.7
3225.7
3237.5
3360.0
3290.2
3277.4
3248.3
3241.5
3270.4
3605.8
3348.1
3233.4
3299.5
3294.3
3308.8
3276.0
3219.8
3329.0
3291.2
3210.1
3382.0
3320.2
3270.7
3450.5
3298.5
3368.1
3750.0
3747.0
3765.3
3649.1
3627.6
3322.8
3107.2
3079.8
3122.8
3067.4
3377.9
3356.3
3323.3
3317.2
3343.9
3330.5
3317.7
3321.8
3313.9
3301.0
3687.2
3704.2
3808.9
3762.0
3720.3
3689.7
3687.3
3753.3
3678.6
3684.7
3694.7
3290.8
3707.1
3699.3
3665.0
3652.1
3413.6
3259.8
3199.3
3319.1
3332.9
3266.9
3247.1
3294.7
3240.0
3253.2
3318.4
3226.8
3274.1
3399.0
3245.0
3240.3
3293.9
3564.2
3660.4
3667.0
3395.3
3350.0
3466.0
3261.4
3251.8
3688.6
3717.9
3671.8
3313.5
3251.5
3272.0
3264.1
3232.5
3235.1
3229.1
3276.8
3286.0
3247.5
3254.2
3297.4
3640.7
3682.4
3664.5
3666.2
3666.7
3652.9
3638.2
3651.8
3670.7
3682.6
3430.3
3268.8
3264.6
3246.4
3231.0
3233.8
3282.2
3298.9
3283.0
3264.0
3704.8
3316.8
3253.4
3283.6
3227.0
3239.5
3294.2
3303.2
3235.2
3255.0
3258.8
3272.8
3224.6
3212.5
3274.1
3258.6
3301.1
3334.0
3243.4
3228.5
3265.3
3229.8
3233.2
3231.0
3230.2
3306.8
3292.1
3255.3
3257.8
3288.4
3247.4
3263.4
3237.9
3247.8
3314.8
3270.2
3299.4
3245.6
3235.1
3276.2
3230.0
3224.0
3261.0
3257.5
3255.5
3296.5
3234.0
3250.7
3277.5
3260.1
3300.7
3640.2
3334.9
3270.6
3298.9
3239.6
3227.0
3272.3
3559.1
3428.5
3269.2
3300.4
3281.7
3728.2
3688.2
3321.5
3251.0
3282.0
3256.6
3280.7
3322.8
3420.7
3706.4
3766.3
3747.1
3732.0
3713.3
3622.3
3257.8
3718.8
3862.5
3669.7
3638.5
3692.0
3701.2
3664.7
3529.3
3253.2
3446.7
3698.5
3709.2
3691.0
3659.0
3405.5
3310.5
3229.5
3272.6
3765.9
3675.7
3302.6
3264.0
3302.4
3205.9
3215.0
3271.3
3243.6
3304.3
3259.9
3242.7
3251.4
3236.8
3235.5
3268.2
3237.3
3225.5
3368.7
3254.5
3242.2
3276.2
3239.4
3229.3
3326.7
3259.1
3298.4
3356.6
3368.8
3268.0
3267.6
3236.0
3232.2
3225.1
3232.5
3310.7
3249.5
3255.8
3324.0
3246.4
3225.1
3667.4
3679.4
3320.4
3224.5
3339.9
3356.3
3317.3
3686.9
3681.6
3671.8
3665.6
3653.0
3390.1
3305.7
3344.8
3252.0
3309.5
3572.1
3371.7
3273.2
3224.0
3234.8
3282.5
3295.2
3302.2
3302.1
3238.4
3237.2
3667.8
3646.2
3346.6
3282.0
3343.4
3255.6
3234.6
3655.3
3644.8
3326.0
3245.3
3270.7
3304.6
3323.6
3329.4
3740.2
3753.0
3718.3
3693.7
3649.8
3786.8
3761.2
3767.8
3550.2
3299.6
3257.8
3712.8
3691.8
3318.8
3243.7
3366.5
3298.5
3275.7
3697.8
3683.5
3698.0
3665.6
3647.5
3317.7
3303.0
3327.4
3248.7
3249.9
3681.8
3663.7
3356.0
3244.1
3333.4
3335.4
3242.5
3696.6
3660.0
3661.9
3379.0
3283.8
3218.0
3252.0
3326.3
3256.9
3240.7
3325.4
3244.5
3268.2
3736.3
3641.4
3337.2
3322.5
3330.3
3244.2
3226.4
3231.4
3251.6
3319.3
3283.5
3246.8
3317.0
3717.0
3680.5
3687.3
3386.5
3284.3
3240.8
3245.7
3263.8
3306.7
3500.1
3530.0
3249.0
3265.5
3669.5
3708.9
3676.4
3645.0
3374.9
3296.7
3315.3
3253.0
3264.3
3712.2
3656.1
3661.4
3387.4
3325.3
3240.9
3242.0
3668.2
3649.1
3362.5
3268.2
3265.5
3225.5
3263.3
3698.8
3646.8
3331.7
3283.9
3351.3
3313.1
3332.1
3820.0
3844.0
3690.4
3687.5
3652.3
3656.5
3766.0
3719.0
3716.2
3649.0
3283.0
3239.6
3702.7
3672.4
3662.1
3667.7
3659.5
3405.6
3351.5
3309.6
3250.2
3687.7
3663.0
3647.4
3385.5
3332.9
3322.4
3324.9
3270.5
3712.6
3703.6
3662.5
3657.3
3653.5
3447.0
3273.0
3205.7
3233.2
3312.0
3263.7
3222.4
3266.4
3385.1
3245.2
3340.7
3393.5
3307.8
3308.8
3250.1
3260.8
3660.5
3289.3
3244.7
3302.4
3280.7
3278.0
3300.4
3238.4
3241.3
3297.4
3243.6
3237.3
3257.2
3260.3
3295.0
3248.7
3259.6
3271.8
3233.8
3236.0
3260.6
3259.9
3357.5
3344.2
3254.0
3252.5
3288.2
3235.0
3240.3
3251.9
3286.2
3298.7
3361.7
3291.8
3241.0
3691.4
3693.4
3659.5
3345.5
3238.0
3299.5
3269.3
3178.6
3646.9
3309.8
3272.8
3317.1
3242.0
3236.7
3295.7
3651.3
3717.9
3425.8
3278.0
3275.4
3288.0
3829.6
3730.1
3758.1
3741.4
3703.0
3687.7
3658.0
3658.0
3647.9
3674.4
3680.4
3699.4
3774.5
3751.0
3757.5
3705.8
3679.6
3706.2
3633.2
3737.4
3744.0
3730.2
3655.0
3666.8
3653.5
3645.6
3475.4
3297.0
3313.7
3303.8
3633.9
3319.1
3245.9
3273.9
3234.2
3225.6
3245.5
3296.7
3304.3
3268.7
3228.2
3278.2
3569.2
3392.5
3259.6
3246.6
3255.2
3292.1
3236.6
3228.1
3258.5
3219.8
3189.1
3210.1
3239.5
3279.5
3254.1
3244.7
3267.3
3246.4
3271.6
3330.0
3224.7
3223.3
3287.1
3333.3
3277.8
3285.7
3230.6
3279.9
3591.2
3342.0
3228.0
3300.0
3356.0
3302.6
3234.0
3233.7
3266.0
3259.7
3240.4
3266.2
3225.8
3280.7
3316.2
3229.5
3223.9
3239.4
3257.7
3262.8
3277.8
3262.8
3284.0
3313.3
3259.3
3309.4
3256.6
3268.4
3683.5
3294.0
3234.6
3338.5
3361.4
3296.3
3744.9
3706.8
3650.4
3657.8
3411.5
3291.6
3307.3
3299.5
3280.9
3558.5
3403.3
3294.6
3262.5
3249.3
3707.8
3706.8
3725.5
3674.0
3678.5
3643.2
3669.5
3359.8
3247.8
3228.2
3283.2
3337.1
3246.2
3231.2
3301.5
3322.9
3266.6
3321.2
3249.3
3276.9
3257.6
3242.7
3274.3
3582.2
3356.3
3290.0
3230.5
3245.9
3364.4
3713.6
3367.4
3234.8
3271.6
3232.1
3235.9
3223.7
3211.8
3261.8
3286.9
3264.2
3273.2
3279.4
3241.5
3298.3
3232.8
3228.8
3254.8
3281.6
3259.2
3220.8
3232.2
3317.9
3279.9
3229.8
3259.9
3263.6
3342.2
3372.8
3284.5
3302.2
3286.7
3301.8
3300.4
3241.8
3211.9
3351.1
3316.5
3299.3
3265.2
3258.6
3246.1
3280.8
3252.6
3232.1
3301.5
3332.9
3300.6
3324.9
3252.7
3297.3
3368.9
3290.8
3258.0
3298.7
3293.3
3274.2
3684.2
3706.5
3659.8
3654.5
3651.6
3664.7
3703.7
3749.4
3691.7
3679.5
3531.2
3243.9
3237.5
3763.7
3685.4
3740.1
3735.1
3710.8
3726.9
3537.2
3249.6
3248.1
3770.2
3725.1
3711.9
3679.4
3402.1
3277.0
3276.4
3276.2
3269.2
3526.2
3383.7
3323.8
3279.4
3240.0
3281.9
3582.6
3395.5
3266.2
3225.1
3248.8
3324.6
3275.4
3265.7
3272.9
3252.4
3233.8
3274.4
3233.1
3237.4
3359.3
3315.4
3365.8
3355.6
3730.1
3702.1
3453.5
3277.4
3228.1
3284.2
3731.5
3677.7
3345.0
3242.3
3310.8
3241.4
3317.5
3607.7
3391.9
3308.6
3259.2
