1858.4
1860.0
1824.7
1870.1
1974.9
1829.5
2019.0
2038.3
2036.8
2025.8
2360.1
2347.3
2357.6
2520.3
2485.7
2488.1
2999.4
3042.3
3002.8
3753.6
3577.5
3505.9
4040.5
3964.1
4494.5
4622.2
4602.9
4782.8
4644.5
4588.3
4628.8
4618.5
4622.4
4586.3
4455.7
4479.3
4433.8
4617.5
4597.4
4585.6
4614.6
4563.8
4605.6
4654.4
4539.7
4643.8
4600.5
4609.7
4566.4
4635.2
4596.8
4623.1
4571.9
4621.1
4701.0
4596.0
4617.4
4842.2
4611.6
4590.1
4562.2
4631.6
4657.5
4625.8
4647.3
4616.3
4635.3
4663.6
4593.2
4585.6
4470.0
4678.7
4674.4
4629.6
4569.2
4621.0
4619.5
4594.6
4577.7
4581.5
4694.5
4691.5
4608.4
4572.5
4603.1
4649.4
4591.8
4578.2
4594.3
4664.7
4716.2
4598.6
4594.8
4564.8
4606.1
4566.9
4620.6
4617.9
4639.7
4587.2
4603.4
4574.8
4648.3
4616.1
4579.1
4626.2
4649.1
4780.3
4591.0
4603.8
4613.5
4680.6
4581.8
4591.1
4575.4
4580.5
4656.2
4607.8
4590.0
4564.6
4571.0
4581.0
4566.8
4579.5
4496.0
4627.8
4590.2
4559.6
4588.4
4602.9
4553.1
4529.0
4557.1
4617.0
4500.0
4577.3
4583.6
4571.4
4830.4
4641.4
4763.0
4548.4
4900.2
4713.3
4622.1
4574.1
4631.3
4663.1
4668.1
4597.5
4663.2
4587.4
4666.0
4573.7
4568.6
4597.5
4722.5
4636.6
4603.0
4596.2
4657.6
4532.0
4591.3
4604.4
4601.4
4640.1
4599.4
4541.2
4456.5
4563.0
4598.5
4565.6
4550.1
4563.9
4587.6
4572.0
4451.5
4561.1
4543.2
4627.5
4563.1
4597.0
4547.5
4603.9
4563.8
4564.2
4617.6
4513.5
4633.6
4591.8
4557.7
4589.8
4592.2
4564.6
4590.7
4485.5
4593.3
4599.7
4567.8
4571.0
4557.3
4561.0
4569.7
4540.5
4549.4
4530.3
4615.2
4592.6
4567.5
4568.4
4591.0
4550.1
4570.4
4577.1
4578.5
4523.4
4611.1
4574.4
4571.6
4614.6
4586.0
4612.9
4559.4
4630.5
4777.7
4603.2
4569.8
4558.0
4585.9
4580.2
4555.1
4581.2
4481.5
4612.2
4572.1
4528.7
4541.7
4630.8
4590.5
4573.8
4552.8
4601.7
4532.7
4607.2
4558.8
4545.5
4577.2
4581.1
4564.0
4533.0
4489.2
4585.7
4528.5
4557.2
4600.6
4566.8
4565.4
4551.5
4569.0
4621.6
4692.6
4586.2
4560.9
4549.8
4567.6
4559.3
4749.8
4464.8
4593.9
4611.5
4558.2
4544.5
4566.8
4596.8
4608.2
4565.8
4598.5
4675.9
4537.9
4569.7
4565.4
4555.0
4588.4
4583.0
4566.3
4577.0
4573.5
4622.4
4564.9
4579.8
4591.8
4581.3
5062.5
4580.3
4559.5
4484.5
4676.0
4570.4
4548.4
4566.0
4638.3
4570.1
4597.9
4567.4
4608.2
4494.9
4556.9
4632.8
4556.2
4636.0
4573.3
4549.1
4630.0
4591.5
4608.4
4547.9
4582.7
4578.9
4602.2
4560.0
4564.1
4544.3
4587.8
4656.3
4565.2
4542.9
4565.2
4596.1
4574.8
4583.5
4567.2
4553.2
4515.8
4571.5
4564.5
4558.1
4620.2
4557.5
4546.1
4589.6
4590.0
4631.5
4565.4
4569.8
4555.1
4567.0
4605.7
4568.8
4602.3
4594.4
4595.8
4571.7
4589.0
4540.5
4591.6
4575.3
4580.8
4543.5
4607.3
4669.5
4612.5
4610.2
4563.0
4622.8
4586.3
4545.3
4453.4
4590.0
4574.6
4581.6
4536.2
4568.0
4607.7
4543.8
4542.7
4538.4
4594.4
4596.4
4562.0
4556.2
4519.9
4593.8
4552.5
4589.1
4580.2
4624.3
4546.4
4595.0
4586.0
4550.8
4564.3
4557.2
4592.9
4556.4
4608.7
4566.5
4607.8
4564.5
4549.1
4558.6
4556.6
4591.5
4561.0
4493.4
4676.7
4589.0
4569.1
4599.2
4585.0
4587.4
4561.4
4552.5
4589.5
4636.0
4582.7
4577.8
4575.8
4631.2
4576.1
4551.8
4437.1
4590.7
4672.5
4578.5
4604.4
4555.0
4600.1
4586.2
4587.9
4563.2
4564.5
4522.8
4584.2
4569.6
4547.3
4571.1
4591.4
4540.1
4537.4
4542.2
4465.0
4573.9
4549.3
4578.6
4600.3
4571.4
4557.5
4448.0
4557.5
4613.0
4561.4
4541.2
4536.1
4569.7
4557.0
4586.6
4531.7
4622.3
4616.0
4576.8
4567.7
4535.4
4605.1
4588.2
4608.5
4564.8
4601.7
4528.3
4561.4
4563.8
4551.8
4614.5
4555.5
4571.7
4484.1
4570.8
4598.1
4553.3
4576.0
4564.0
4637.8
4570.5
4549.0
4576.9
4665.4
4620.0
4554.9
4579.5
4561.0
4595.9
4552.8
4563.0
4544.7
4609.5
4566.5
4591.8
4561.8
4546.6
4623.1
4545.8
4568.0
4572.5
4632.7
4605.5
4616.0
4578.5
4571.4
4590.2
4546.6
4548.0
4605.8
4540.9
4634.3
4565.7
4536.0
4604.3
4597.5
4559.7
4553.9
4543.0
4573.3
4506.4
4583.3
4560.5
4560.0
4584.9
4579.1
4523.2
4468.8
4582.8
4569.0
4536.9
4580.4
4567.8
4557.9
4536.3
4541.8
4587.9
4717.0
4584.9
4563.9
4539.8
4558.0
4558.5
4579.5
4544.0
4552.3
4558.4
4563.7
4550.0
4569.6
4579.4
4611.7
4552.1
4435.8
4581.6
4579.6
4581.1
4556.9
4567.0
4572.6
4579.0
4559.1
4531.2
4592.4
4751.2
4589.9
4558.8
4562.8
4565.8
4559.0
4583.2
4567.8
4550.4
4473.5
4586.8
4561.4
4541.3
4589.8
4582.8
4579.1
4449.5
4554.5
4630.5
4567.5
4539.3
4563.0
4602.6
4592.8
4574.8
4560.8
4574.5
4680.5
4594.5
4561.0
4569.1
4599.5
4577.4
4573.3
4563.9
4550.3
4609.9
4605.5
4590.0
4573.2
4568.4
4607.3
4547.8
4582.2
4548.0
4574.8
4601.2
4537.2
4572.8
4558.3
4577.3
4548.2
4541.5
4541.6
4510.8
4580.8
4581.9
4561.6
4636.2
4683.9
4595.5
4554.1
4645.5
4561.5
4719.1
4682.5
4462.3
4358.6
3694.4
3751.6
4335.7
4576.4
4547.0
4637.4
4602.2
4426.5
4491.7
4528.2
4462.5
4570.4
4587.2
4610.2
4656.8
4575.3
4594.2
4581.8
4649.2
4574.6
4597.8
4595.4
4573.3
4629.2
4568.9
4588.9
4568.0
4628.5
4649.0
4625.2
4582.0
4581.5
4596.8
4579.2
4572.2
4488.4
4619.9
4557.0
4631.1
4585.7
4586.3
4600.2
4615.0
4564.5
4578.7
4615.2
4621.1
4579.3
4570.6
4603.6
4816.8
4670.3
4487.2
4459.5
4782.5
3962.3
3492.1
4661.2
4596.6
4704.8
4608.0
4607.3
4585.5
4627.1
4641.3
4599.5
4571.5
4540.1
4642.1
4609.7
4647.6
4484.8
4529.2
4455.2
4480.2
4611.8
4595.8
4670.0
4610.4
4620.0
4589.9
4625.4
4495.2
4615.4
4620.9
4597.5
4618.9
4591.7
4563.6
4577.8
4554.6
4607.9
4588.5
4546.9
4592.7
4590.9
4563.4
4581.9
4558.5
4545.2
4543.8
4543.5
4536.3
4570.4
4600.3
4582.4
4544.2
4548.7
4565.2
4673.3
4547.5
4595.8
4544.7
4564.7
4592.8
4632.0
4587.9
4552.1
4645.6
4584.3
4590.8
4545.4
4607.8
4558.5
4603.1
4550.8
4636.6
4492.6
4583.4
4563.8
4577.0
4633.2
4613.3
4567.5
4577.9
4566.6
4604.3
4557.5
4589.8
4577.4
4583.3
4574.5
4558.2
4533.5
4570.7
4540.4
4560.9
4595.4
4579.9
4618.8
4578.3
4551.4
4441.9
4577.4
4599.1
4567.5
4567.6
4571.8
4586.8
4571.4
4559.4
4532.3
4567.5
4717.0
4585.2
4559.6
4548.4
4629.7
4573.8
4589.1
4576.7
4594.7
4736.5
4550.7
4567.9
4571.0
4574.6
4603.1
4559.2
4545.2
4433.2
4658.5
4563.5
4566.2
4543.2
4532.1
4564.6
4540.9
4545.5
4534.2
4630.2
4559.0
4566.6
4584.9
4607.3
4578.8
4555.9
4445.9
4582.6
4782.2
4584.1
4579.8
4576.5
4660.0
4585.8
4581.5
4551.2
4521.6
4659.8
4569.5
4588.4
4546.0
4579.2
4546.5
4540.9
4560.5
4528.5
4580.4
4572.8
4578.1
4538.1
4677.5
4601.8
4608.8
4604.1
4590.3
4615.2
4532.8
4591.0
4521.5
4558.8
4689.6
4613.5
4573.5
4607.2
4728.8
4592.2
4599.5
4549.0
4628.5
4584.7
4617.9
4570.2
4562.2
4488.2
4585.0
4565.5
4540.9
4581.5
4567.8
4570.5
4584.6
4548.2
4683.2
4576.9
4560.5
4563.1
4595.6
4573.2
4541.3
4555.2
4537.7
4727.8
4565.0
4574.8
4545.1
4575.5
4568.4
4555.0
4547.6
4572.8
4663.6
4609.8
4573.8
4556.4
4597.9
4599.5
4544.2
4539.7
4479.3
4590.0
4594.1
4540.4
4539.6
4407.4
4595.7
4547.9
4575.4
4530.4
4565.5
4565.5
4566.3
4561.0
4642.0
4596.0
4558.6
4567.8
4552.5
4597.6
4496.3
4556.9
4546.1
4567.4
4590.5
4546.0
4592.3
4557.4
4640.0
4596.8
4570.2
4539.9
4566.2
4553.5
4540.8
4537.2
4558.1
4612.8
4571.6
4540.9
4541.2
4581.1
4569.6
4574.7
4462.8
4548.8
4597.3
4578.5
4561.3
4592.0
4584.9
4553.7
4553.0
4541.7
4589.8
4654.4
4596.5
4572.3
4596.3
4635.4
4597.3
4590.0
4570.3
4600.3
4571.8
4550.4
4554.3
4534.5
4596.0
4541.4
4532.1
4616.4
4603.3
4616.2
4564.0
4580.6
4571.6
4574.3
4560.2
4574.9
4551.2
4594.4
4608.2
4549.7
4591.1
4562.0
4590.5
4573.6
4554.5
4445.4
4598.7
4630.0
4587.5
4564.7
4558.0
4624.3
4556.7
4624.2
4583.7
4613.8
4650.2
4574.2
4547.5
4536.3
4657.7
4577.2
4607.9
4559.6
4598.0
4518.2
4562.1
4558.6
4543.2
4627.2
4548.0
4553.8
4585.4
4587.6
4573.8
4572.4
4573.9
4574.1
4623.1
4594.8
4588.5
4601.2
4501.7
4492.5
4581.2
4549.3
4550.2
4606.2
4539.9
4572.1
4561.0
4600.1
4475.2
4555.9
4523.5
4505.8
4561.2
4590.6
4559.6
4554.3
4621.8
4620.8
4574.7
4556.2
4544.8
4612.6
4604.5
4603.2
4580.2
4567.0
4451.0
4569.2
4578.0
4537.8
4613.8
4571.8
4580.7
4573.6
4570.0
4608.6
4609.1
4567.5
4538.8
4597.5
4580.4
4590.4
4546.2
4572.2
4543.1
4577.7
4568.2
4550.8
4647.4
4548.2
4593.3
4600.9
4585.2
4604.5
4585.6
4577.1
4550.6
4618.6
4565.3
4571.1
4567.3
4598.8
4634.0
4564.8
4585.1
4572.3
4619.6
4574.4
4574.7
4598.1
4606.3
4618.0
4608.2
4591.5
4563.8
4643.5
4587.4
4569.7
4551.8
4638.4
4583.0
4586.0
4555.0
4542.5
4594.5
4578.0
4540.8
4587.0
4502.6
4606.3
4583.5
4563.7
4565.1
4618.4
4611.7
4618.9
4559.2
4590.7
4581.7
4565.4
4568.4
4547.1
4586.0
4539.0
4525.6
4496.5
4519.3
4624.2
4573.6
4546.0
4577.8
4679.1
4572.4
4585.2
4559.6
4576.0
4589.1
4570.7
4575.2
4548.2
4631.3
4565.8
4562.3
4589.5
4629.1
4581.6
4556.3
4573.5
4545.8
4609.7
4561.7
4550.7
4564.2
4565.4
4505.2
4586.6
4563.2
4557.7
4616.9
4560.2
4605.2
4665.2
4620.3
4604.1
4564.0
4547.1
4565.5
4630.5
4588.8
4557.2
4558.8
4582.7
4578.7
4543.1
4577.1
4585.5
4616.1
4567.6
4569.5
4554.2
4452.1
4551.5
4575.7
4545.1
4593.1
4601.5
4577.5
4428.7
4541.5
4601.8
4577.0
4554.0
4543.3
4581.8
4601.0
4552.2
4626.9
4469.4
4612.7
4575.2
4568.8
4581.0
4505.2
4593.8
4534.5
4574.5
4549.9
4618.5
4619.6
4569.6
4557.2
4568.8
4597.0
4542.2
4523.1
4489.5
4617.0
4549.2
4558.4
4578.3
4549.8
4616.5
4571.7
4558.0
4582.5
4550.4
4601.9
4581.5
4546.4
4559.3
4592.9
4572.5
4564.5
4537.4
4594.5
4617.5
4551.8
4534.5
4590.5
4604.0
4586.5
4430.7
4548.0
4550.9
4568.8
4556.5
4543.5
4584.0
4610.3
4539.5
4566.5
4470.0
4725.5
4557.3
4588.0
4535.3
4590.2
4581.7
4560.8
4539.6
4549.0
4630.0
4592.6
4524.3
4540.0
4574.1
4595.1
4566.6
4540.0
4458.1
4615.0
4553.1
4524.0
4540.6
4554.2
4608.0
4554.3
4529.8
4530.5
4658.5
4591.4
4583.5
4557.5
4536.8
4594.7
4554.4
4558.1
4570.5
4642.5
4648.5
4576.0
4555.6
4572.5
4640.5
4570.3
4545.2
4439.8
4692.7
4671.0
4567.9
4570.0
4564.8
4653.0
4553.7
4569.2
4542.2
4479.4
4644.8
4604.5
4565.8
4577.2
4622.0
4542.3
4563.8
4563.3
4569.8
4508.5
4546.5
4573.3
4542.8
4639.9
4548.2
4597.1
4580.6
4618.0
4584.3
4568.1
4573.9
4562.7
4627.8
4578.9
4577.6
4529.6
4460.5
4567.8
4572.9
4568.9
4551.8
4585.5
4556.5
4547.0
4600.0
4571.6
4487.2
4583.8
4589.5
4595.5
4629.0
4551.2
