1722.7
1571.8
1567.9
1562.2
1585.0
1557.4
1572.9
1541.7
1559.0
1569.4
1580.4
1582.0
1631.3
1597.2
1588.9
1573.2
1575.2
1575.5
1572.5
1572.2
1568.7
1574.5
1571.3
1572.2
1568.8
1564.6
1541.4
1583.7
1579.0
1606.4
1610.4
1639.2
1648.9
1591.2
1602.0
1602.7
1592.2
1589.2
1620.5
1607.3
1680.7
1574.3
1642.2
1663.7
1640.0
1637.6
1610.8
1618.6
1633.8
1625.6
1624.2
1625.7
1622.2
1612.5
1623.8
1632.1
1625.6
1618.8
1633.3
1604.2
1615.1
1627.0
1615.3
1617.8
1619.0
1618.8
1671.4
1613.8
1611.1
1631.8
1623.6
1618.2
1630.0
1672.7
1712.8
1645.0
1648.8
1787.5
1719.4
1719.3
1707.9
1695.5
1685.4
1664.0
1655.6
1642.4
1613.6
1623.8
1653.1
1669.0
1672.9
1681.7
1673.2
1686.7
1790.2
1750.5
1728.4
1726.1
1726.2
1720.8
1714.8
1709.0
1715.8
1701.8
1690.2
1672.8
1686.8
1723.7
1705.8
1720.8
1723.8
1720.5
1790.2
1750.1
1715.8
1675.8
1703.8
1781.2
1758.0
1744.8
1747.5
1739.1
1737.1
1715.4
1718.2
1714.2
1715.0
1736.9
1831.8
1829.5
1837.4
1835.5
1851.9
1855.5
1848.0
1860.7
1863.4
1867.8
1887.7
1794.8
1823.0
1828.9
1828.8
1826.5
1811.1
1813.8
1810.8
1818.9
1837.0
1848.5
1833.8
1828.0
1817.6
1846.2
1808.5
1815.4
1807.2
1818.3
1814.6
1806.6
1825.8
1824.5
1820.0
1820.7
1827.3
1822.0
1804.2
1813.5
1901.0
1889.2
1919.6
1907.4
1908.4
1917.5
1914.5
1949.7
1929.2
1918.9
1926.5
1943.1
1949.3
1928.0
2025.7
2021.4
1911.8
1925.3
1921.0
2009.4
1916.2
1949.5
1917.8
1928.5
1970.4
1982.8
2007.7
1912.8
1924.7
1944.2
2031.5
1895.0
1929.5
1911.8
1939.3
1930.2
1932.5
2054.0
2095.6
2080.5
2073.4
2088.8
2076.0
2101.3
2111.7
2090.4
2092.4
2073.7
2074.0
2081.2
2100.2
2103.8
2078.8
2086.8
2077.5
2074.8
2052.6
2087.0
2116.0
2064.6
2081.5
2106.0
2089.6
2099.4
2082.5
2075.2
2099.7
2085.3
2072.5
2095.8
2086.6
2084.0
2109.2
2070.1
2076.4
2113.2
2084.0
2095.8
2090.8
2252.3
2236.5
2242.7
2256.3
2235.5
2221.8
2215.6
2241.5
2240.3
2251.9
2257.6
2232.5
2248.1
2272.3
2268.6
2232.8
2235.0
2473.4
2248.3
2278.6
2275.2
2318.0
2300.2
2331.7
2296.9
2293.3
2404.5
2175.8
2238.0
2271.0
2241.8
2273.1
2259.8
2271.8
2238.8
2228.7
2248.5
2266.2
2238.4
2265.5
2257.2
2235.2
2271.8
2262.8
2254.7
2225.9
2238.8
2253.1
2238.5
2266.8
2243.0
2260.9
2242.8
2223.0
2235.0
2247.5
2264.6
2240.1
2249.1
2246.2
2257.8
2272.6
2241.8
2227.8
2266.5
2230.9
2461.8
2457.2
2434.2
2478.2
2448.8
2463.1
2474.9
2446.6
2438.5
2478.8
2459.4
2444.3
2478.9
2467.0
2435.8
2433.6
2454.7
2466.2
2447.8
2441.3
2464.6
2446.1
2450.4
2479.1
2463.2
2466.0
2475.7
2464.1
2447.8
2472.6
2446.1
2462.8
2444.5
2439.4
2420.4
2453.0
2461.1
2531.3
2454.6
2449.7
2474.8
2448.9
2461.7
2441.8
2482.3
2458.6
2461.3
2445.7
2475.8
2476.3
2456.1
2461.5
2452.3
2452.9
2442.7
2456.4
2458.0
2459.7
2441.4
2441.8
2503.8
2465.4
2460.7
2463.0
2457.6
2455.0
2446.1
2493.5
2734.2
2752.1
2727.9
2781.6
2731.1
2768.2
2723.5
2751.7
2735.5
2755.0
2733.4
2755.8
2724.0
2756.8
2741.5
2741.4
2724.8
2718.8
2731.1
2745.0
2737.3
2736.3
2732.6
2754.2
2735.3
2777.5
2744.0
2742.6
2791.2
2807.1
2922.2
2866.8
2826.9
2782.5
2753.2
2949.6
2773.2
2742.8
2745.9
2734.7
2777.0
2741.1
2740.9
2721.3
2776.2
2738.5
2766.8
2736.0
2745.1
2728.3
2745.8
2739.4
2752.1
2785.2
2737.0
2744.0
2754.3
2730.1
2733.4
2756.2
2765.5
2730.5
2751.0
2730.2
2759.8
2732.4
2753.3
2773.3
2730.2
2747.1
2738.0
2739.0
2763.8
2716.5
2698.6
2719.6
2733.3
2841.8
3118.0
3131.6
3141.4
3127.7
3114.1
3146.5
3130.0
2726.2
3034.6
3165.0
3033.1
2723.2
3022.2
2897.9
2909.6
2941.3
2863.1
2833.5
2842.6
2803.8
3356.8
3172.0
3161.8
3169.1
3088.2
2775.3
3118.5
3133.2
3046.5
2793.6
2889.5
3016.1
3024.0
2752.6
2826.6
3012.6
3024.9
2653.2
2828.9
3077.7
3306.6
3128.4
2760.7
3182.8
3138.8
3141.5
3183.7
3136.6
2763.3
3068.5
3004.4
2647.3
2822.5
3020.4
2977.8
2604.4
2812.1
3050.9
3040.5
2728.9
2788.8
2849.6
2981.0
3091.7
2762.1
2814.2
3043.3
3026.8
2681.5
2867.0
3078.7
3167.0
3246.5
3141.9
2785.2
3097.5
3131.8
3085.5
2726.8
3208.7
3182.6
2960.8
2743.5
2752.8
2751.2
2767.2
2786.5
2865.1
3047.3
3074.4
2694.4
2854.0
3034.0
2989.2
2673.0
2825.5
3021.6
3028.5
2685.9
3220.2
3251.2
3134.0
3038.2
2701.1
3201.3
3129.8
3143.0
3115.0
2776.9
3218.2
3178.5
2976.5
2780.7
2769.8
3074.0
3170.9
3105.0
2803.6
3188.8
3184.6
3182.5
3090.7
2769.1
3194.1
3151.0
3150.7
3197.5
3157.4
2779.6
3113.1
2971.7
2793.2
2763.5
3085.2
3159.9
3122.5
2790.7
3221.6
3220.0
3238.5
3251.9
3195.0
3178.5
3227.9
3184.8
3164.0
3223.6
3188.2
3238.6
3222.6
3185.4
3243.3
3326.4
3201.6
3201.2
3248.3
3198.4
3250.3
3247.5
3182.4
3174.5
3242.2
3502.0
3331.6
3211.9
3165.8
3192.5
3225.8
3167.2
3203.0
3223.7
3169.0
3173.3
3594.2
3581.4
3668.5
3628.4
3338.6
3221.4
3172.1
3168.9
3593.9
3625.8
3632.3
3665.4
3630.8
3614.8
3451.0
3225.5
3252.9
3203.1
3630.4
3683.6
3652.1
3655.7
3636.1
3655.4
3675.0
3649.8
3634.8
3648.7
3711.8
3636.2
3627.8
3659.4
3611.9
3667.0
3643.6
3608.9
3673.4
3696.0
3634.4
3685.8
3651.5
3640.6
3621.0
3638.8
3654.7
3635.0
3646.6
3641.9
3646.1
3700.9
3652.2
3639.9
3690.3
3699.0
4107.0
4348.8
4355.8
4350.4
4358.1
3707.2
3803.3
3761.7
3711.5
4232.3
4374.0
3679.2
3646.6
3663.3
3678.0
3682.6
3672.3
3688.6
3670.2
3673.4
3638.5
3655.2
3677.2
3695.0
4306.3
3650.5
3655.1
3667.5
3701.3
4419.1
3270.1
3360.4
3260.8
3249.2
3286.8
3232.8
3232.6
3671.5
3663.8
3638.5
3669.9
3639.7
3721.6
3702.9
3642.4
3660.3
3669.7
3721.1
3705.3
3662.8
3678.0
3717.8
3653.2
3687.8
3775.2
3893.0
4438.0
3746.9
3703.5
3693.7
3802.0
3611.6
3505.2
3647.5
3708.2
3683.1
3657.5
3679.8
3666.9
3659.8
3677.2
3715.8
3704.0
3669.2
3682.0
4314.6
3679.5
3671.0
3666.7
3775.3
3674.2
3686.4
3657.8
3668.4
3697.6
3682.5
3634.7
3651.1
3708.2
3675.5
3666.0
4319.6
3699.5
3673.8
3661.2
3700.6
3856.2
3715.4
3686.0
3666.5
3679.2
3676.9
3675.3
3643.3
3643.7
3655.8
3644.8
4315.5
3672.9
3659.9
3657.5
3658.3
3676.8
3695.0
3652.9
3694.4
3684.1
3693.0
3673.2
3649.4
3699.2
3645.6
3656.2
3676.5
4337.3
3669.8
3688.5
3686.2
3672.6
3659.2
3714.7
3725.6
3662.1
3699.9
3670.8
3675.8
3692.5
3666.8
3651.7
3656.1
4324.7
3636.1
3674.8
3696.1
3863.2
3809.2
3760.3
4483.8
4515.5
3768.7
3722.3
3727.0
3720.7
3674.7
3695.9
3677.0
3738.4
3779.5
3724.3
3674.0
3725.8
3808.4
4326.4
4333.7
4361.3
4318.4
4325.9
4337.7
4360.0
4321.1
3676.7
4300.9
3760.2
3704.0
3668.1
3753.8
3736.5
3695.0
3738.1
3699.6
3694.7
3679.7
3660.3
3706.4
3700.0
3754.2
4320.2
4350.0
4342.0
4250.9
4357.4
4549.2
4337.6
4310.8
3703.8
3690.2
3689.8
4316.1
3713.5
3689.0
3641.8
3669.8
3659.0
3652.3
3655.5
3637.2
3705.8
3685.0
3699.2
3658.1
3687.1
3679.3
3677.1
3637.6
3689.6
3694.8
3656.8
4352.9
3689.1
3716.0
3706.0
3719.0
3748.6
3788.4
4223.0
4319.9
4319.3
3684.3
3696.3
3676.5
3708.8
3704.8
3649.8
3649.4
3676.2
4078.5
4309.2
4357.2
4371.0
3717.7
3689.1
3675.8
3761.0
3708.2
3658.0
3635.7
3670.4
3661.4
3668.4
3729.4
3679.6
3635.5
3635.1
3646.8
3778.8
3719.2
3709.9
4331.4
3669.0
3677.8
3645.6
3640.6
3687.4
3663.3
3640.8
3662.7
3681.1
3684.7
3649.0
3630.8
3668.8
3708.3
3702.6
3679.8
4323.4
3664.3
3670.2
3692.5
3680.8
3671.5
3646.8
3651.2
3700.0
3687.6
3699.1
3652.0
3670.9
3677.8
3722.1
3694.2
4304.5
3665.0
3698.7
3712.9
4336.5
3779.0
3696.0
3648.7
3665.0
3654.6
3647.2
3704.0
3713.0
3749.6
3690.6
3662.5
3678.1
3676.6
3711.4
4327.8
3696.0
3740.4
3692.1
3693.6
3665.3
3657.5
3674.8
3652.0
3597.1
3763.9
3745.5
3674.6
3644.9
3642.2
3633.6
3665.0
3654.9
3689.6
3670.5
3641.4
3642.6
3634.6
3708.5
3658.7
3650.0
3684.4
3775.3
4314.2
4323.9
4325.1
4334.6
4328.4
4326.8
4353.1
4315.5
4305.8
3693.2
3652.3
3663.5
3682.8
3684.0
3696.6
4312.2
3690.1
3677.4
3650.5
3629.8
3634.5
3657.0
3733.8
3761.6
3708.3
3643.2
3639.7
3667.2
3672.5
3750.1
3765.1
3715.1
4338.3
3696.4
3703.2
3708.7
3669.9
3648.1
3696.1
3637.8
3701.3
3669.1
3689.6
3674.7
3658.9
3676.9
3746.3
3805.2
4345.7
4343.9
4335.9
4332.8
4305.7
4346.5
4343.6
4312.5
3701.2
3700.1
3678.9
3677.3
3687.0
3717.8
3709.6
3703.4
3691.5
3671.2
3644.4
3648.7
3635.5
3760.9
4348.9
4352.8
4314.3
4332.3
4304.3
4337.2
3736.8
4371.6
3710.7
3697.9
3674.6
3658.5
3664.1
3647.5
3701.5
3674.9
3633.0
3655.1
3643.8
3657.6
3683.5
3661.6
3685.1
3711.6
3736.6
3663.8
3663.9
3644.5
3644.0
4304.4
3666.4
3723.7
3681.3
3645.2
3676.5
3683.0
3606.9
3597.1
3568.2
3636.2
3690.4
3646.8
3656.5
3638.6
3671.5
3663.1
3627.6
3672.8
3670.8
3637.9
3689.2
3676.8
3716.6
3662.9
3648.7
3698.2
3740.5
3681.3
3683.2
3666.5
4365.5
3684.6
3684.5
3784.8
3691.9
3646.5
3653.0
3667.0
3665.2
3659.5
3684.2
3667.6
3683.8
3598.7
3665.0
3659.6
3707.5
4304.1
3675.0
3706.2
3793.0
3658.0
3625.5
3660.1
3681.2
3631.6
3701.5
3674.4
3711.5
3700.2
3670.9
3675.5
3946.0
4322.0
4319.0
4328.7
4330.2
4330.0
4333.9
3694.3
3653.2
3661.6
4146.7
4438.5
4367.3
3668.5
3640.2
3700.4
4174.0
4326.5
4370.5
3710.6
4266.7
3665.3
3670.3
3704.8
3665.1
3679.2
3715.1
3973.7
4353.0
4321.6
4326.0
4332.5
3707.4
4311.1
3699.6
3704.3
3689.6
3695.6
3676.3
3637.2
3655.6
3664.0
3751.2
3713.0
3686.8
3645.6
3653.4
3640.2
3640.5
4330.1
3683.4
3722.2
3710.2
3690.9
3660.0
4198.8
4296.0
4347.3
3742.2
3712.7
3663.8
3641.8
3634.2
3633.2
3661.7
3667.8
3695.7
3700.7
3658.7
3662.6
3635.9
3665.5
3658.8
3637.8
3763.4
3722.6
3667.4
3709.2
3695.2
3654.5
3672.4
3679.3
3746.0
3717.6
3709.7
3674.4
3676.0
3936.4
3987.1
3705.5
3702.5
3827.6
4342.4
4308.6
4304.2
4307.5
4345.6
4306.4
4334.0
4312.0
4302.3
3662.8
3642.5
3620.8
3602.8
3667.7
3737.8
3666.2
3721.0
3669.9
3641.5
3648.6
3651.0
3682.2
3749.6
3693.6
4326.4
3692.5
3682.6
3674.5
3661.1
3660.0
3653.0
3642.0
3654.4
3701.5
3695.2
3704.4
3673.1
3674.9
3723.7
3690.0
3666.2
3646.5
3645.0
3691.1
3697.2
3678.5
4347.2
3746.1
3680.9
3696.7
3705.4
3885.6
3762.8
3716.9
3835.1
3749.8
3685.2
3734.2
3914.0
4295.2
4429.5
4406.3
4449.6
4345.5
4349.8
3683.4
3657.9
3681.4
3708.4
3746.6
3727.5
3702.2
3681.6
3680.1
3648.5
3642.6
3659.1
3696.1
4384.0
3668.5
3689.2
3705.0
3679.0
4297.6
3682.4
3735.7
3679.5
3667.0
3648.1
3644.1
3635.6
3648.9
3701.3
3715.1
3820.9
3671.4
3702.3
3683.4
3658.9
3657.7
3656.6
3639.3
3657.7
3687.6
4295.6
4322.5
4322.8
4315.6
4343.5
4487.6
4376.1
3744.0
3749.9
3665.7
3686.7
3655.6
3686.2
3722.4
3704.5
3673.0
3646.1
3655.9
3671.3
3647.6
4373.5
3781.7
3755.6
3733.9
3711.9
4313.8
3700.9
3703.4
3670.8
3734.4
3727.8
3689.5
3678.9
3664.9
3638.1
3639.4
3646.8
3685.7
3699.7
3705.5
3680.0
4339.6
3682.7
3720.8
3675.0
3743.7
3706.6
3649.0
3698.3
3684.8
3699.0
3769.0
3714.0
3796.3
3923.5
4329.2
4353.3
4331.6
4310.9
4301.2
4344.1
3743.8
3696.5
4268.3
4316.8
3678.1
3688.6
3664.7
3728.7
3746.4
3676.6
3694.2
3685.6
3710.3
3695.2
3701.6
3682.5
3712.3
3684.4
3634.2
3684.4
4310.9
3643.1
3663.0
3745.8
3757.4
3729.5
4303.5
3680.7
3718.6
3648.4
3661.6
3672.9
3786.5
3669.6
3672.2
3696.8
3784.4
3725.2
3744.4
3659.4
3617.5
3635.8
3719.0
3684.8
3695.0
4349.8
3759.4
3747.0
3725.9
3737.4
3716.9
4325.3
3676.7
3668.0
3662.6
3679.4
3623.5
3651.5
3693.7
3684.1
3647.8
3650.9
3646.5
3644.1
3654.6
3599.0
3541.5
3587.2
3512.9
3504.3
3644.7
3693.9
3698.1
3703.0
3641.5
3642.9
3659.8
3657.6
3723.0
3664.2
3689.9
3784.8
3697.1
4249.5
3677.3
3657.5
3657.4
3615.4
3615.2
3728.1
3711.6
3704.8
3667.7
3696.6
3643.2
3650.5
3671.8
3686.7
3682.6
3648.0
3665.7
3672.7
3688.2
3703.9
3708.6
4011.6
4403.4
4335.2
4310.0
4328.6
4328.8
3728.9
3717.8
3755.9
4355.2
3707.3
3719.1
3682.2
3642.7
3630.8
3675.4
3707.5
3675.3
3705.7
3684.8
3689.9
3707.7
3657.7
3669.6
3667.7
3648.5
3662.0
3708.0
3684.1
4298.7
3725.7
3731.6
3713.7
3677.0
3690.9
3669.0
3671.5
3665.8
3654.2
3655.6
3704.4
3662.8
3675.5
3945.5
4295.9
3892.4
3729.8
3716.0
3747.9
3815.1
4306.8
4314.3
4396.5
4333.6
4300.0
4387.3
4364.6
4319.9
4318.8
3672.5
3693.4
3666.6
3630.7
3736.2
3678.8
3703.6
3720.1
3713.3
3660.0
3668.0
3660.0
3720.4
3693.2
3683.2
4330.4
3677.2
3682.2
3646.3
3688.9
3768.6
3824.0
3717.0
3689.7
3670.1
3670.6
3672.6
3659.9
3715.8
3696.6
3652.7
3657.3
3645.5
3639.6
4336.2
4313.8
4349.7
4334.9
4324.6
4310.2
4315.7
4322.0
3689.2
3705.6
3723.0
3681.9
3684.0
3662.8
4297.0
3707.5
3684.5
3741.7
3700.4
3664.0
3641.6
3649.2
3666.3
3670.1
3631.8
3695.1
3663.1
3645.9
3647.8
3657.7
3670.3
4323.9
3706.5
3727.7
3731.2
3632.0
3662.3
3669.2
3668.8
3682.9
3723.9
3708.1
3785.3
3653.5
3669.4
3645.5
3663.3
4355.8
3646.0
3714.4
3764.1
3695.0
3645.8
4195.2
4307.4
3691.0
3707.4
3671.0
3649.6
3644.2
3639.8
3736.8
3703.7
3713.2
3717.9
3666.2
3737.2
3703.3
3684.9
3683.3
3712.6
3696.5
4314.6
3730.6
3702.5
3674.7
3652.1
3666.2
3674.5
3614.7
3673.3
3724.2
3846.2
3785.2
3718.3
3646.0
3640.9
3634.0
3628.9
3635.8
3716.7
3705.8
4349.2
3697.0
3680.4
3682.6
4331.8
3724.7
3853.7
3750.1
3738.8
3725.6
3701.7
3703.1
3635.5
3577.0
3648.3
3564.4
3456.1
3452.1
3002.1
3694.8
3705.3
4273.1
3526.8
3537.5
3206.9
3086.6
3035.8
3103.7
3062.5
3036.3
3036.8
2675.3
2767.0
2696.8
2749.8
2825.0
2726.4
2821.3
2717.4
2815.9
2783.5
2892.1
2925.2
2945.2
2850.5
2849.5
2841.5
3336.2
3300.4
3259.8
3338.3
3262.6
3270.0
3337.0
3256.1
3239.1
3299.2
3244.3
3250.2
3665.1
3669.5
3728.0
3703.1
3695.0
3652.2
3650.2
3634.5
3640.5
3648.1
3683.0
3701.6
3669.2
3653.1
3659.6
3637.3
3693.2
3660.4
3671.3
3715.9
3630.2
3653.7
3675.2
3650.2
3648.1
3734.7
4327.8
4372.4
4325.4
4331.2
4322.3
4307.0
3679.0
3694.2
3775.8
3709.2
3672.8
3652.7
3669.5
3689.0
3671.3
3659.9
3676.8
3666.4
3639.9
3646.8
3666.0
4308.8
3674.8
3691.2
3666.8
3713.5
3682.4
3670.3
3655.9
3680.8
3665.1
3641.2
3664.8
3657.8
3645.2
3686.0
3685.8
3719.2
3683.0
3682.5
4297.3
3723.5
3653.3
3715.3
4377.7
3194.5
3557.9
3178.5
3107.6
3355.3
3339.8
3256.2
3291.0
3612.0
3652.0
3657.5
3650.8
3761.7
3794.6
3707.1
3718.4
3669.0
3649.8
3644.4
3661.3
3676.5
3738.4
3674.2
3648.5
3656.0
3674.6
3656.7
3629.8
3662.9
3691.5
3665.0
3705.0
3695.9
4356.7
3664.1
3681.9
3663.2
3787.2
3729.5
3712.2
3716.5
3683.8
3710.8
3695.9
3677.9
3744.8
3718.8
3688.6
3679.1
3675.1
3674.9
3641.6
3623.8
3676.8
3673.3
3697.7
4322.3
3291.4
3747.8
3666.0
3610.0
3673.4
3731.5
3670.0
3660.2
3667.2
3665.3
3696.5
3688.3
3688.7
3753.5
3689.8
3655.2
3648.1
3672.5
3636.8
3689.3
3675.8
3715.7
4375.0
3717.0
3699.6
3675.8
3687.5
3642.6
3649.9
3657.8
3661.4
3675.7
3662.5
3658.5
3639.4
3650.8
3649.2
3764.5
3762.2
4356.4
3668.2
3681.8
3682.7
3662.0
3640.8
3696.8
3694.8
3668.8
3697.5
3675.9
3670.9
3598.7
3638.8
3673.8
3687.8
3704.6
4299.1
3683.7
3701.8
3713.7
3665.5
3674.3
3666.3
3641.4
3677.2
3767.4
3737.1
3703.4
3688.4
3719.2
3726.9
3699.5
3695.2
3701.1
4344.8
3692.7
3658.5
3704.0
4436.2
3686.3
3676.8
3635.2
3667.6
3675.5
3675.1
3741.5
3787.6
3716.5
3720.2
3723.4
3939.6
4348.5
4337.2
4346.6
4324.4
3663.8
3787.7
4545.3
3809.6
3658.8
3598.8
3728.8
3580.8
3540.0
3491.9
3562.2
3568.5
3226.0
3350.4
3734.6
3765.4
3676.8
3660.8
3652.6
3687.4
3683.8
3685.8
3659.4
3809.9
3695.5
3645.2
3669.2
3674.6
3679.7
3665.7
3633.0
3684.4
3687.4
3644.0
3636.6
3662.2
3668.0
3631.7
3633.5
3756.8
3689.2
4302.0
3693.2
3727.4
3751.7
3740.1
4387.8
3732.4
3756.7
3699.7
3695.9
3692.7
3667.0
3660.2
3664.5
3717.6
3674.5
3654.2
3667.3
3724.1
3711.2
3703.1
3775.7
4413.7
4364.1
4317.4
4329.4
4339.0
4308.2
4287.8
3813.5
3706.6
3707.0
3672.0
3684.2
4326.6
3683.1
3713.6
3698.0
3732.9
3643.9
3668.5
3658.3
3674.8
3632.9
3659.4
3727.9
3752.6
3710.5
3707.8
3677.5
3794.0
4314.6
4319.6
4348.2
4382.4
4309.2
4322.9
4308.3
4325.0
3675.1
3704.9
3806.4
3652.4
4200.1
4310.6
4320.0
3691.3
3682.2
3676.2
3668.9
3639.7
3649.4
3693.5
3663.5
3666.8
3670.3
3636.2
3829.7
3672.5
3653.0
3661.0
3688.7
3661.1
3670.8
4358.7
3748.6
3683.0
3668.8
3665.8
3710.8
3684.8
3669.2
3688.7
3713.6
3661.6
3652.5
3662.3
3654.4
3661.7
3653.6
3641.7
4343.1
3671.7
3699.8
3677.8
3706.3
3693.4
3608.1
3607.7
3740.8
3697.2
3679.3
3687.8
3691.3
3654.7
3641.2
3642.2
3670.2
3682.6
3639.4
3663.3
3732.1
4336.0
3694.4
3734.0
3769.1
3734.0
3655.8
3660.8
3654.2
3664.1
3656.6
3662.6
3662.5
3673.4
3665.9
3645.2
3667.1
4303.3
3707.5
3674.2
3705.9
3711.5
3737.0
3733.8
3665.4
3699.9
3691.3
3665.8
3654.0
3700.2
3697.2
3711.1
3738.2
3701.0
3726.8
4285.4
3703.4
3713.2
3760.2
3690.6
3670.8
3700.9
3655.1
3659.0
3721.7
3757.9
3986.0
4320.9
4336.8
4353.7
4377.9
4318.8
4420.5
4364.8
3674.7
3697.9
3654.8
3656.0
3655.7
3671.9
3755.5
3718.9
3699.4
3655.8
3657.4
3657.3
3639.2
3650.9
4377.2
3698.0
3673.9
3666.9
3727.6
3676.2
3663.7
3640.7
3673.4
4222.1
4307.5
3710.4
3694.5
3676.8
3677.1
3669.8
3706.8
3697.3
3685.8
3670.9
3659.7
3659.8
3671.8
3660.7
3667.6
4335.5
3644.8
3679.4
3657.8
3676.5
3671.5
3640.4
3680.8
3668.8
3687.5
3717.5
3712.1
3702.7
3668.5
3646.5
3711.1
3745.0
3685.2
3697.0
4323.8
3688.7
3667.9
3646.0
3718.0
3787.3
3705.9
3601.1
3614.5
3693.2
3698.5
3690.7
3681.4
3666.9
3692.1
3695.1
3643.4
3660.9
4278.6
3716.3
3695.2
3706.2
3688.7
3655.9
3674.2
3711.7
3691.7
3671.0
3664.3
3687.7
3670.5
3656.0
3651.7
3664.5
4307.6
3714.2
3729.5
3780.8
3714.5
3680.0
3683.8
3676.7
3681.2
3690.8
3865.3
4232.0
4429.4
4334.8
4323.5
4338.5
3726.5
3698.4
4317.8
3693.5
3691.6
3667.0
3656.0
3677.2
3706.9
3722.9
3730.7
3710.9
3671.4
3661.8
3698.2
3636.3
3598.0
3658.2
3729.5
4392.2
3714.3
3642.8
3637.6
3727.7
3666.3
3672.3
3673.1
3701.1
3708.7
3686.2
3681.8
3672.8
3951.2
4290.3
4377.4
4379.7
4355.3
4320.9
3697.7
3703.6
4311.9
3699.0
3720.9
3667.8
3645.4
3658.0
3661.7
3715.0
3705.7
3582.8
3541.8
3722.4
3670.6
3682.4
3668.3
3676.8
3698.1
3648.8
3663.1
3719.3
3700.5
3717.5
3682.9
3672.3
3644.2
3679.7
3702.2
3703.8
4345.7
3665.9
3653.4
3695.8
4301.4
3672.1
3682.5
3732.1
3662.2
3663.8
3657.9
3641.8
3684.8
3643.9
3634.8
3732.0
3673.5
3637.8
3659.4
3646.1
3656.2
3715.5
3682.2
4353.7
3721.3
3671.5
3670.9
3657.9
3653.1
3665.3
3708.7
3742.7
3747.1
3699.4
3671.1
3661.9
3711.8
3679.9
3651.5
3679.1
4325.1
3650.3
3638.9
3667.8
3642.0
3670.5
3707.4
3673.6
3662.8
3607.6
3657.6
3715.0
3685.8
3679.5
3679.4
3656.1
3700.9
3697.8
3691.5
3721.6
3654.6
3658.8
3670.0
4373.6
3709.2
3686.5
3658.9
3664.0
3674.8
3664.2
3706.3
3686.2
3736.5
3704.3
3679.5
3665.6
3668.3
3661.3
3656.8
3622.3
3654.3
3661.2
3712.8
4322.1
3662.0
3677.8
3653.5
3640.2
3688.7
3709.8
3683.5
3655.8
3672.2
3651.8
3656.6
3642.1
3681.7
3720.1
4328.0
3264.1
3732.8
3774.7
3698.3
3652.9
3679.8
3746.9
3680.8
3692.2
3680.9
3704.4
3668.9
3626.6
3657.3
3656.1
3704.5
3656.7
3644.5
3676.5
3642.6
3733.8
4343.8
4330.9
4330.0
4317.5
4344.2
4315.8
4325.7
4260.8
4357.2
3712.1
3678.0
3713.7
3667.4
3671.4
3671.1
3705.2
3779.2
3785.2
3733.0
3668.8
3671.0
3645.9
3645.0
4333.9
3728.3
3709.7
3674.0
3708.0
4270.2
4294.8
3682.2
3701.9
3662.6
3672.0
3642.0
3639.7
3651.5
3612.0
3685.8
3719.1
3715.4
3695.5
3730.0
3679.6
3689.2
3669.0
3658.2
3671.9
3711.2
4316.7
3732.0
3691.1
3651.6
3631.8
3664.0
3670.5
3768.8
3747.6
3693.1
3675.3
3699.8
3660.6
3638.3
3645.8
3665.4
3661.9
3651.0
3645.7
4299.2
3699.5
3671.0
3659.4
3664.3
3710.9
3672.1
3650.5
3687.4
3665.0
3671.8
3640.9
3660.0
3699.2
3668.6
3651.9
3677.0
3663.5
3694.8
3639.7
4300.7
4332.8
4322.9
4299.5
4323.3
4307.0
4296.0
4295.9
4335.2
3738.1
3691.8
3656.0
3648.5
3645.4
3661.8
3653.5
3773.9
