1757.5
1544.2
1545.2
1615.2
1599.5
1537.8
1545.0
1577.5
1572.9
1584.9
1580.8
1570.8
1554.5
1553.9
1536.4
1581.8
1579.5
1639.3
1538.7
1601.7
1613.0
1608.9
1603.5
1609.2
1613.5
1601.9
1612.5
1604.5
1594.6
1587.2
1585.7
1632.5
1629.5
1632.1
1628.7
1671.8
1607.8
1710.5
1659.1
1655.9
1590.2
1581.0
1591.2
1650.3
1640.7
1631.2
1620.3
1599.8
1605.7
1601.5
1601.3
1598.6
1635.7
1664.9
1666.4
1677.4
1669.8
1671.0
1682.0
1726.2
1734.0
1730.0
1730.8
1728.2
1741.7
1727.9
1734.2
1735.8
1727.0
1730.7
1729.2
1633.0
1752.8
1633.4
1737.4
1632.0
1674.6
1694.8
1732.7
1724.2
1807.9
1666.1
1778.2
1692.0
1807.1
1686.4
1707.8
1810.0
1677.9
1699.5
1808.2
1671.3
1834.2
1692.3
1710.3
1727.6
1724.2
1858.4
1681.0
1713.9
1816.3
1815.3
1832.7
1830.0
1823.6
1838.9
1796.4
1815.5
1813.6
1817.0
1851.9
1870.0
1970.7
1806.2
1826.8
1816.8
1962.2
2061.0
2107.4
2091.6
2088.1
2107.0
2084.2
2090.9
2086.6
2112.3
2061.9
2104.7
2063.5
2186.7
2189.4
2268.5
2262.7
2299.0
2233.0
2235.1
2266.9
2240.4
2257.9
2244.8
2264.1
2243.0
2264.8
2241.9
2237.5
2268.8
2246.8
2235.6
2246.7
2243.0
2269.7
2229.8
2242.1
2254.0
2220.8
2270.5
2220.9
2251.7
2255.3
2223.9
2262.4
2241.5
2259.8
2254.2
2239.2
2249.5
2233.0
2264.4
2265.8
2261.1
2226.9
2236.5
2301.0
2237.3
2366.8
2473.8
2446.2
2473.8
2434.3
2475.7
2453.3
2490.7
2436.7
2436.2
2472.4
2448.4
2448.0
2468.8
2453.2
2463.8
2460.6
2440.8
2479.2
2486.1
2454.5
2450.5
2459.7
2471.5
2449.6
2449.8
2421.2
2444.4
2431.1
2445.9
2462.0
2477.0
2483.6
2448.8
2458.7
2471.7
2452.0
2472.5
2475.5
2446.3
2490.4
2479.8
2470.2
2457.7
2461.9
2468.2
2478.1
2463.8
2453.5
2449.8
2488.1
2445.0
2491.2
2497.7
2596.6
2745.4
2730.3
2737.7
2747.0
2732.3
2742.9
2733.8
2741.5
2759.8
2737.6
2763.2
2728.3
2755.4
2738.0
2744.8
2737.5
2737.9
2756.2
2736.1
2723.9
2711.5
2735.8
2732.4
2728.6
2729.3
2729.5
2741.1
2754.1
2772.6
2726.6
2745.5
2729.5
2768.0
2740.6
2752.0
2752.5
2757.7
2716.2
2743.6
2719.7
2765.0
2752.4
2757.5
2737.4
2730.1
2742.6
2734.4
2737.5
2741.2
2773.1
2758.8
2781.2
2735.5
2847.9
3129.2
3115.7
3114.6
3136.0
3146.9
3124.4
3099.9
3116.3
3120.9
3263.3
3369.7
3218.5
3146.2
3134.2
3190.7
3206.8
3169.9
3176.4
3129.6
3120.8
3229.0
3149.3
3149.6
3206.1
3221.7
3222.3
3196.7
3149.6
3164.2
3197.8
3142.8
3130.8
3204.3
3142.6
3157.5
3174.0
3160.2
3126.2
3166.5
3196.8
3157.8
3119.7
3258.6
3178.3
3178.0
3207.0
3165.4
3164.9
3215.4
3151.7
3157.6
3215.9
3540.9
3571.5
3551.1
3576.5
3589.8
3544.0
3584.8
3561.0
3572.3
3590.3
3601.6
3590.2
3578.3
3552.5
3579.6
3570.1
3578.3
3595.1
3597.6
3575.5
3548.8
3576.9
3570.5
3535.3
3638.6
3608.9
3582.1
3580.8
3592.2
3614.8
3551.6
3559.5
3567.7
3634.1
3591.3
3581.0
3593.3
3586.1
3566.2
3575.3
3550.9
3599.4
3597.0
3567.2
3575.6
3591.1
3597.0
3601.5
3590.0
3617.8
3609.1
3583.7
3581.2
3607.5
3599.4
3775.2
4320.9
4338.7
4291.8
4271.0
4309.0
4261.4
4248.2
4262.3
3612.2
3644.1
3626.5
3606.9
3615.4
3599.1
3592.4
3564.5
3604.0
3665.4
3610.9
3595.2
3936.8
4341.0
4318.1
4313.3
4344.2
4320.1
3658.9
3649.8
3652.8
3648.5
3634.1
3652.9
4172.2
4314.8
3673.9
3643.7
3641.0
3649.5
3652.5
4244.3
4324.6
3651.0
3637.1
3645.2
3617.7
3633.9
3565.0
3694.5
3717.9
3705.5
3705.1
3722.1
3933.2
4325.0
4325.4
4385.7
4353.0
4326.0
4339.0
3237.1
3677.6
3678.6
3735.1
3787.8
3675.2
3662.7
3683.3
3742.8
3784.2
3699.1
3758.3
4215.0
4302.2
4339.2
4334.2
3629.0
3667.0
3687.4
3728.5
3702.5
4163.2
4339.6
4391.8
3804.0
3725.2
3766.8
3756.2
3676.4
3680.8
4348.1
3718.8
3678.4
3685.5
3700.0
3734.8
3658.8
3655.0
4227.0
4334.5
3716.2
3677.5
4306.2
4357.5
3712.8
3676.9
3664.9
3656.9
3675.4
3641.3
3636.1
3666.0
3685.9
4105.3
4321.6
4323.0
4301.4
3706.6
3700.0
3687.2
3671.4
3659.2
3646.2
4063.7
4331.3
4401.1
4311.3
3628.5
3674.9
3680.5
3715.5
3687.5
3690.3
4423.4
4541.2
3337.7
3684.3
3635.5
3558.9
3472.7
3567.1
4066.5
3564.9
3347.8
3145.9
3728.5
3772.7
3699.7
4037.0
4402.5
4349.4
4540.3
4516.0
3702.5
3697.5
4343.0
3790.0
3797.3
3789.3
3723.4
3718.8
4335.6
3685.9
3737.9
3766.9
3692.0
3672.9
3681.7
4261.5
4378.5
3698.5
3708.2
3805.4
3653.0
3650.1
3695.3
3688.3
4184.6
4309.2
4380.8
4335.7
3678.9
3684.0
3725.0
3689.8
3705.8
3722.2
3836.8
4425.7
3697.3
3712.9
3711.2
3691.1
3712.2
3693.0
4280.0
3711.2
4313.2
3702.4
3670.7
3679.5
3656.9
3712.2
3737.9
3692.2
4101.7
4375.2
4473.3
3725.1
4328.5
3737.5
3710.2
3705.0
3668.1
3705.5
3685.8
4224.1
4332.2
3734.4
3734.6
3690.6
3717.3
3688.6
3681.6
3695.5
4292.9
4364.4
3700.1
3675.5
3691.7
3683.4
3660.6
3656.9
3723.7
3728.2
4188.0
4330.2
4305.2
3711.2
3702.5
3679.9
3700.8
3684.0
3654.8
3645.4
3641.2
4013.4
4317.5
4364.6
4368.6
4381.1
3699.8
3678.3
3653.3
3665.7
3635.4
3679.6
4116.8
4302.3
4308.4
4307.6
3670.1
3644.7
3647.7
3690.1
3679.0
3681.8
3642.3
3647.2
3676.5
3668.7
3670.0
3845.8
4351.5
4315.5
4349.8
4315.3
4304.0
3691.1
3829.6
3763.2
3699.0
4290.7
3736.8
3742.0
3667.6
3768.8
3824.7
3742.5
4196.7
4351.1
4311.9
3626.3
3714.4
3686.4
3686.9
3692.4
3651.4
3680.3
4184.3
4309.6
4310.3
3727.6
4372.4
3687.4
3699.8
3684.4
3677.4
3652.0
3607.2
3740.8
4207.1
4334.2
4317.7
3674.8
4328.5
3680.7
3719.2
3784.8
3704.8
3698.6
3690.3
4286.1
3677.5
3682.0
3674.5
4219.6
4354.4
3699.5
3710.1
3673.9
4238.7
4319.1
3717.4
3739.2
3680.0
3660.5
3676.3
3674.8
3620.9
4220.9
4346.2
3697.9
3669.6
4248.8
3714.0
3667.6
3662.6
4217.4
4341.6
3683.2
3680.5
3643.7
3650.3
3652.1
3665.1
3829.3
3764.6
4099.0
4352.0
4334.7
4339.7
4326.3
3719.4
3772.2
3695.1
4313.1
3701.4
3686.8
3682.2
3675.3
3729.7
3736.4
3647.1
3693.0
4216.2
4328.0
4316.2
3661.7
3717.9
3684.3
3674.5
3641.6
3650.7
3661.9
3626.2
4022.9
4376.5
4350.8
3704.3
4314.5
3684.8
3684.9
3664.8
3685.9
3821.0
3689.6
3673.5
4329.9
3674.1
3674.6
3696.2
3670.3
3700.5
3658.7
3641.4
3658.9
3687.8
4072.7
4311.7
4349.8
4317.3
3701.9
3677.2
3694.8
3667.3
3668.5
3683.2
3736.8
4061.0
4305.8
4375.5
4305.3
3684.5
3686.3
3709.7
3723.2
3703.0
3661.2
3676.0
4223.1
4311.6
4296.3
3725.1
3710.0
3659.9
3666.0
3689.4
3663.5
3645.0
4050.3
4392.9
4355.0
4333.7
3253.7
3684.4
3686.6
3682.1
3649.1
3689.7
3680.2
3674.4
3659.0
3653.0
3647.2
3718.5
3671.7
3680.9
3969.7
4313.1
4330.5
4321.8
4318.0
3679.8
4356.4
3665.0
3718.8
3684.8
3697.6
3643.8
3639.8
4196.9
4351.6
3746.8
3715.8
3679.9
3652.6
3612.0
3633.1
3644.9
3687.2
4223.5
4353.5
3762.7
3622.4
4233.7
3659.3
3731.5
3795.9
3671.1
3659.0
3687.0
3658.0
3643.9
4006.9
4461.0
4410.2
4401.0
4348.9
3732.0
3723.8
3676.8
4324.3
3823.5
4323.9
3667.8
3728.6
3663.5
3653.4
3653.5
3685.0
3663.2
3646.8
4129.5
4343.8
4314.1
3688.7
4328.3
3722.0
3700.0
3676.0
3661.8
3657.9
3636.3
3596.0
3615.0
3766.3
4009.9
4334.4
4319.6
4304.4
4294.8
4295.4
3711.2
4345.9
3669.7
3680.5
3694.3
3707.5
3714.8
3721.8
4187.7
4239.5
3575.8
3511.9
3511.1
3762.0
3637.5
3317.6
3278.4
3303.4
3744.5
3725.1
4382.3
4344.0
4328.2
4370.4
4334.7
4341.0
4341.7
4364.5
4312.5
3680.6
3684.0
3714.4
3715.8
4322.8
3713.9
3679.2
3673.6
3687.5
3720.9
4293.0
4368.7
3315.7
3686.2
3680.2
3659.5
3657.1
3674.8
3744.7
3673.3
3656.8
3687.2
3667.5
3673.2
3686.1
3743.2
3910.6
4345.8
4365.7
4325.0
4321.1
4321.6
4323.2
4386.4
3678.5
3664.2
4300.1
3687.1
3697.1
3661.4
3661.2
3658.2
3602.0
3693.0
3695.1
3673.7
4071.4
4328.3
4371.6
4347.5
4349.2
3686.1
3726.8
3688.8
3670.4
4257.3
4427.2
3697.2
3690.6
3732.4
3700.8
3681.0
3680.0
3659.9
3743.0
4092.8
4310.2
4321.9
3686.9
4330.8
3701.6
3705.6
3684.1
3840.9
3756.2
4237.8
4306.4
3692.5
3767.3
4456.4
3699.2
3674.7
3711.8
3661.6
3653.1
3642.6
3699.6
3680.4
4166.5
4366.3
4326.4
3718.1
3687.7
3677.0
3736.0
3716.5
3696.1
3685.5
4332.1
3692.4
3665.5
3618.3
3859.8
3753.9
4305.2
3715.7
3684.7
3659.1
3682.0
3718.6
3721.2
3723.5
3652.3
4228.6
4326.0
3690.9
3676.2
3654.6
3707.5
3660.3
4126.8
4315.7
4322.7
4335.0
3685.5
3748.1
3700.8
3658.8
3659.4
3662.2
4132.2
4299.5
4343.9
3735.0
3707.0
3786.0
3723.4
3674.5
3686.1
4215.2
4359.4
4355.7
3679.1
3700.0
3690.5
3659.8
3624.8
3590.5
3709.8
4151.9
4311.2
3681.0
4325.0
3709.2
3681.0
3645.0
3672.6
3696.7
3651.0
3651.5
3637.4
3668.1
3679.0
3665.5
3843.3
4378.0
4348.7
4330.4
4342.4
4311.9
3697.8
3710.9
3708.2
4307.9
3672.0
3672.7
3647.0
3667.5
3646.9
3703.0
3713.0
4147.3
4318.4
4301.9
4296.1
3703.4
3685.6
4329.8
3706.1
3668.4
3685.8
3672.9
3652.5
3642.4
4346.6
3734.7
3705.4
3687.9
3641.0
3648.7
3666.0
3649.8
3710.5
3718.2
4080.2
4297.6
4303.9
4314.8
4321.8
3670.5
3738.5
3696.8
3667.8
3686.6
4214.1
4307.2
4322.8
3712.4
3728.5
3672.2
3662.3
3680.3
3692.7
4276.1
3685.9
3744.6
3720.2
4229.6
4318.7
3695.9
3646.9
3642.9
3661.2
3718.3
3689.7
3674.8
3706.4
3696.2
3926.4
4273.3
4357.1
4473.3
4306.5
4297.7
4310.2
3680.7
3699.5
3672.8
3704.3
3702.9
3685.0
4256.5
4302.4
3718.4
3685.5
3673.2
3656.1
3670.0
3675.1
3691.2
3675.1
3684.1
3998.6
4354.8
4362.5
4297.9
4299.1
3704.8
4314.9
3678.7
3667.7
3697.8
3626.2
3632.8
3666.9
3673.0
3666.7
4092.8
4355.5
4336.2
4326.8
3682.2
4382.2
3715.8
3705.3
3722.8
3730.5
3783.5
3725.7
4348.7
3700.0
3692.8
3684.8
3667.1
3675.2
3658.6
3658.1
3670.0
4135.8
4315.7
4349.0
4321.3
3731.0
4330.2
3723.9
3716.0
3689.2
3680.3
3657.8
3675.3
3672.5
4065.6
4314.0
4341.2
4296.2
3652.3
3837.5
4344.3
3733.6
4353.0
3713.1
3729.5
3714.8
3680.1
3698.7
3771.9
4272.1
4266.1
3678.2
3675.9
3631.7
3643.4
3687.3
3721.2
4104.8
4328.5
4315.0
3729.7
4339.8
3693.4
3788.0
3702.3
3708.9
3714.5
3683.6
4359.2
3710.4
3643.7
3617.1
3540.4
3503.4
3474.8
3636.2
3721.3
3679.2
3655.6
3701.0
3694.5
3689.1
3668.2
3900.4
4376.8
4325.8
4290.4
4288.5
3704.5
3708.2
3708.3
3728.5
3674.8
4305.5
3728.5
3702.7
4327.2
3673.2
3743.8
3740.6
3684.6
4314.6
3725.1
3687.1
3689.6
3718.9
3650.3
3637.9
3656.1
4138.6
4368.8
4347.5
3680.2
3684.3
3679.9
3659.1
3672.4
3679.2
4315.6
4329.2
4325.2
3680.8
3673.1
3677.1
3695.6
3744.4
3715.0
4116.0
4329.1
4354.3
3688.0
3675.2
3667.2
3705.6
3669.8
3672.3
4214.0
4362.2
3683.8
3685.7
4442.7
3760.8
3760.3
4326.8
3733.5
3677.9
3669.5
3689.2
3745.1
3700.4
4225.4
4339.8
4380.8
3692.5
3715.9
3757.8
3706.0
3699.1
3679.3
4218.2
4325.8
3686.3
3648.1
3683.8
3726.3
3724.0
3664.8
3660.1
3658.8
3666.0
3711.0
3688.1
3694.1
3663.0
3811.9
4308.5
4350.0
4302.4
4301.2
4317.1
4400.4
3697.7
3679.9
4317.6
3676.0
3682.6
3667.7
3718.4
3642.9
3640.3
3652.2
3744.8
3721.0
3660.8
3997.5
4360.8
4337.2
4339.2
4334.3
4320.2
3691.3
4332.0
3693.2
3696.7
3691.5
3688.5
3679.9
3659.5
3649.6
4168.4
4411.1
3712.8
3735.3
4329.5
3719.9
3728.1
3707.9
3758.8
3727.5
4343.9
3697.2
3684.6
3690.8
3677.0
3638.1
3658.6
3704.2
3682.5
4098.1
4357.8
4319.7
4317.5
4356.8
3715.1
3687.8
3686.2
3656.4
3701.9
3679.0
3663.9
4168.1
4319.2
4307.9
3699.0
3716.5
4331.4
3694.7
3665.8
3679.2
3697.2
3699.8
3691.8
3700.0
4209.5
4349.0
3700.2
3740.3
3689.0
4320.8
3738.8
3728.2
3762.5
3671.8
3735.0
3829.9
4282.2
3667.5
3679.4
3721.5
3804.6
3795.4
3757.6
4385.5
3739.2
3698.2
3691.4
3684.2
3734.0
3686.5
3793.5
4411.1
3710.2
3765.7
3675.9
3628.9
3678.5
4246.0
4383.5
3733.2
3696.0
3730.6
3716.0
4353.3
3689.2
3806.3
3735.8
3707.8
3615.7
4223.5
3857.7
3942.7
3820.5
3969.0
4495.2
3726.4
3648.0
3602.5
3548.5
3541.2
3536.6
3706.0
3573.5
3514.4
3488.9
3528.9
3353.8
3064.1
3378.0
3974.2
3678.0
3680.9
3671.2
3595.0
3489.7
3491.2
3622.8
3554.4
3561.6
3472.0
3443.9
3030.0
3461.0
3057.7
3071.8
3161.8
3115.4
3111.0
3163.1
3081.1
3104.5
3049.4
3029.5
3145.2
3062.4
3040.3
3166.8
2737.8
3015.2
3032.1
3038.7
2951.7
2610.9
3073.4
2808.8
2760.2
2917.5
2871.8
3065.4
3170.4
3124.4
3205.7
3279.2
3283.3
3198.1
3585.5
3328.5
3669.9
3590.8
3462.0
3529.6
3472.0
3479.2
3167.3
3098.7
3014.8
3039.4
3010.8
3034.3
3060.5
2995.6
2646.8
2917.9
2881.4
2689.7
2715.7
2930.8
2854.5
2676.8
2687.0
2639.7
2719.5
2635.2
2692.3
2942.5
2986.6
2988.9
2687.6
3058.1
3163.9
3103.4
3165.8
3063.0
2694.6
3049.9
3107.4
3107.0
2795.8
3226.2
3190.4
3079.6
3061.8
3041.4
2654.1
3072.9
3072.8
3090.5
2965.5
2642.2
2982.2
2789.1
2728.0
2635.5
2680.5
2742.5
2636.8
2710.2
2642.4
2682.6
2661.6
2648.4
2657.5
2691.0
2766.5
2671.6
2679.0
2717.1
2670.3
2628.8
2612.9
2441.7
2551.5
2635.8
2355.0
2721.3
2588.1
2406.3
2533.8
2814.2
2954.3
2688.7
2662.8
2640.5
2802.8
2813.2
3100.0
2730.2
2701.8
2709.5
2708.2
2719.0
2699.8
2636.0
2816.2
2669.8
2784.3
2697.8
2697.1
2634.5
2642.7
2666.5
2701.2
2724.6
2672.6
2769.1
2636.8
2884.2
2694.4
2684.0
2646.6
2703.7
2826.1
2729.5
2623.5
2683.3
2712.1
2673.9
2672.0
2642.6
2686.7
2655.3
2706.3
2688.9
2650.5
2689.3
2630.3
2732.9
3197.4
2782.8
2674.2
2742.2
2634.5
2732.5
2784.8
2722.8
2752.3
2710.5
2957.8
3091.0
2987.0
2691.8
3015.3
2913.9
2775.4
2658.8
2710.0
2843.5
2655.6
2715.4
2726.9
2717.9
2647.4
2739.7
2651.2
2685.9
2601.1
2671.0
2633.0
2645.5
2801.8
2625.7
2696.9
2652.0
2711.2
2620.4
2650.3
2607.9
2615.9
2717.6
2781.6
2914.2
2676.6
2712.5
2621.0
2723.9
2615.7
2672.6
2617.9
2760.2
2655.7
2723.4
2788.5
2664.8
2725.2
2623.6
2710.0
2603.0
2670.5
2719.3
2736.9
3227.5
2798.1
2669.0
2858.3
2657.7
2757.2
2633.4
2612.0
2823.1
2639.9
2778.5
2684.8
2698.8
2657.2
2818.9
2672.4
2705.9
2816.0
2796.7
2715.7
2704.2
3311.2
2908.5
3131.4
3104.7
3050.8
2974.2
2582.6
2591.2
2705.8
2630.8
2748.8
2704.3
2683.0
2630.0
2651.1
2728.1
2668.6
2707.9
2674.2
2704.8
2675.6
2782.0
2628.2
2668.5
2863.5
2696.8
2629.5
2673.9
2743.2
2681.7
2723.3
2982.6
2782.7
2632.3
2759.2
2700.3
2732.6
2648.1
2663.3
2811.2
2808.5
2778.5
2780.2
2665.5
2771.7
2949.0
3272.3
3116.2
3025.2
3118.9
3029.8
3055.2
3001.4
2637.3
3168.5
3247.3
3205.2
3054.6
3109.8
2668.1
2941.1
3039.8
2986.8
2715.8
3104.1
3017.5
3030.6
2945.2
2620.8
2668.0
2652.0
2753.6
2720.3
2661.5
2797.1
2658.2
2731.0
2633.9
2679.1
2709.3
2747.0
2669.0
2838.0
2808.5
2793.1
2644.2
2682.1
2644.0
2644.0
2701.4
2634.8
2695.2
2671.6
2724.4
2634.2
2733.9
2622.8
2656.8
2640.9
2642.5
2700.6
2630.7
2715.6
2658.4
2738.5
2659.7
2654.8
2673.3
2664.1
2698.6
2605.1
2611.3
2356.2
2767.7
2719.9
2650.8
2370.3
2619.5
2667.9
2349.5
2585.2
2579.8
2543.3
2759.0
2775.6
2996.1
2815.4
2882.2
2768.0
2820.4
2606.3
3004.8
2981.4
2883.7
2667.8
2848.2
2997.7
2935.2
2777.7
2786.0
3040.6
3022.0
3028.4
2800.9
2741.7
2935.9
3067.0
2737.3
2723.3
2983.7
2839.4
2633.1
3220.6
3323.7
3354.2
3192.0
3051.5
3004.3
2627.9
3004.5
3052.7
3100.8
2889.5
3204.7
3075.2
3042.1
3128.6
3014.4
2891.0
3137.8
3045.7
3013.7
2991.7
2988.5
2679.5
3064.9
3085.7
3050.2
2948.8
2617.2
2624.3
2630.8
2680.3
2753.3
2891.1
2841.5
2718.8
2655.5
2659.8
2704.5
2648.2
2653.9
2665.3
2739.3
2879.0
2775.5
2640.6
2669.2
2641.9
2640.0
2604.3
2655.8
2693.4
2620.5
2659.2
2676.4
2681.6
2691.2
2765.4
2699.0
2632.8
2613.0
2322.4
2792.0
2781.0
2815.5
2812.1
2706.5
2783.6
2633.9
2692.0
2596.9
2593.5
2671.3
2617.4
2672.0
3328.0
2964.2
2851.9
2827.3
2907.7
2777.2
3193.0
3206.0
3086.4
3015.2
3131.5
3028.5
2657.2
3224.7
3416.2
3170.2
3265.0
3282.2
3078.2
3143.1
3075.6
3069.8
3141.9
3033.5
3012.2
3016.8
2998.6
2950.2
2674.0
3106.9
3019.2
2814.7
2700.3
2652.2
2638.8
2693.9
2727.6
2751.5
2887.3
2811.4
2793.1
2744.1
2740.2
2752.9
2657.4
2683.0
2853.5
2897.8
2610.1
3109.8
3088.8
2880.9
2627.8
2671.5
2623.8
2753.0
2636.6
2979.8
2752.2
2723.8
2648.2
2686.2
2625.7
2718.2
2638.4
2641.9
2690.7
2631.0
2698.3
2621.8
2791.1
2388.5
2564.3
2623.3
2396.5
2836.7
2700.3
2660.8
2385.6
2552.8
2652.5
2449.3
2636.4
2785.7
2559.2
2884.8
2756.3
2776.2
2646.9
2685.1
2586.3
2702.8
2502.3
2662.5
2653.7
2392.0
2649.0
2691.0
2553.7
2768.4
2737.2
2755.1
2709.6
2753.3
2725.9
2728.0
2666.2
2809.4
2960.0
2860.6
2835.5
3240.6
3268.8
3162.0
3089.2
3034.7
3026.1
3061.1
3132.1
3199.8
3229.2
3212.8
3381.8
3281.4
3258.6
3094.2
3060.2
3029.4
3190.3
3053.8
2985.3
3263.6
3123.3
3196.0
3161.9
3056.7
3053.5
3057.8
3038.2
2611.2
3136.0
3060.6
2973.4
2625.8
2956.2
2790.0
2833.8
2699.2
2704.2
2628.2
2768.1
2886.8
2789.6
2807.8
2760.8
2712.0
3088.6
2999.1
2860.5
2629.7
2671.2
2870.5
2917.2
2714.1
2872.9
2729.1
3047.1
3228.3
3060.5
3181.6
3222.5
3173.8
3157.6
3131.2
3158.0
3152.4
3146.2
3113.8
3023.5
2997.4
3138.8
3016.5
3058.9
3120.5
3277.3
3295.3
3197.5
3142.4
3231.8
3436.2
3624.0
3512.5
3214.1
3106.5
3024.5
3008.0
3035.1
3013.0
3069.4
3052.3
3003.5
3027.9
2990.9
2966.5
2690.6
2745.5
2887.0
2853.0
2706.6
2748.8
2945.7
3054.5
2969.6
2640.5
3035.8
2774.9
2730.1
2685.6
3171.5
3207.5
3008.8
2840.2
2610.5
2715.6
2616.8
2649.2
2609.8
2623.0
2658.3
2914.5
2933.9
2799.2
2776.2
2790.3
2807.1
2747.4
3102.8
3145.8
3242.6
3212.7
3099.8
3176.9
3167.5
3202.9
3145.0
3185.9
3166.3
3193.2
3227.8
3599.9
3558.4
3543.0
3561.6
3484.3
3374.1
3126.7
3059.1
3012.9
3062.5
3033.8
2981.5
3040.0
3003.1
3066.2
3006.2
3005.5
3043.5
2678.4
3071.1
2844.6
2747.2
2683.5
2717.9
2651.1
2751.0
2635.9
2659.5
2761.9
2669.2
2701.6
2640.0
2685.9
2624.2
2684.0
2615.3
2685.9
2629.2
2721.6
2653.3
2672.1
2671.4
2681.5
2728.8
2614.2
2701.9
2668.2
2730.0
2907.7
2825.9
2669.1
2631.9
2616.2
2703.4
2716.0
2647.3
2721.8
2617.2
2631.2
2488.0
2638.7
2821.3
2628.9
2827.6
2782.0
2778.5
2690.6
2776.8
2709.6
2838.4
2802.1
2738.9
2759.2
2825.2
2786.8
2713.3
3097.7
3179.7
3166.7
3173.6
3223.7
3168.9
3143.3
3117.3
3175.2
3059.8
3086.8
3155.5
3183.0
3163.4
3233.2
3183.1
3108.1
3630.4
3609.9
3645.0
3486.4
3610.3
3472.3
3231.2
3050.8
2984.0
2981.1
2984.9
2998.2
2913.5
2593.2
2759.4
2932.2
2926.5
2692.7
2750.5
2959.9
2867.5
2669.9
2653.0
2631.9
2711.0
2653.3
2643.0
2642.1
2653.0
2689.2
2644.1
2681.3
2620.3
2634.5
2470.6
2396.7
2714.9
2642.7
2650.1
2335.7
2560.1
2645.5
2365.4
2347.2
2459.8
2375.3
2512.2
2465.5
2361.2
2591.0
2641.9
2332.3
2710.4
2737.6
2797.0
2498.0
2737.9
2991.2
2758.4
2710.3
2711.7
2799.2
2712.4
2824.5
2732.2
2777.3
2771.1
3232.0
3200.3
3131.6
3225.4
3134.2
3178.8
3134.0
3165.1
3111.8
3114.5
3243.2
3180.8
3181.1
3114.9
3210.0
3165.6
3137.7
3163.0
3190.9
3337.0
3454.7
3652.1
3617.6
3532.0
3593.8
3586.9
3612.7
3844.2
3641.8
3647.3
3611.3
3647.8
3575.6
3573.0
3581.8
3672.0
4120.0
4264.2
3638.2
4250.3
3592.1
3546.0
3595.8
3887.5
3634.7
3619.4
3452.7
3445.3
3425.2
3352.9
2997.0
3170.0
3543.8
3486.3
3144.9
3074.6
3174.9
3257.0
3349.3
3320.4
3298.8
3258.9
3422.7
3693.0
3667.9
3711.5
3661.0
3657.3
3706.4
3748.6
3693.0
3674.8
3691.8
3704.3
4274.7
3692.8
3673.0
3694.5
3668.0
3655.7
3663.8
3696.5
4047.1
4314.6
4348.6
4325.2
3712.8
4315.2
3678.9
3685.3
3696.8
3699.1
3824.3
3783.2
4310.1
3676.3
3645.4
3644.3
3652.3
3638.6
3669.5
3673.9
3672.0
3656.0
3646.9
3703.3
3648.9
3645.2
3677.5
4263.3
3695.5
3684.5
3679.6
4330.1
3706.7
3663.5
3724.8
3744.2
3711.5
4514.0
