1839.6
1912.3
1913.0
1901.8
2028.9
2015.5
2145.3
2224.4
2344.8
2493.8
2530.4
2510.7
2747.3
2747.4
3398.7
3408.0
3944.6
3996.5
4546.8
4656.4
4569.2
4685.3
4579.2
4675.1
4654.7
4680.6
4565.6
4598.3
4623.8
4566.1
4589.5
4542.7
4569.9
4605.4
4597.2
4615.6
4643.5
4572.2
4490.8
4657.7
4625.4
4560.1
4556.8
4656.9
4580.0
4574.8
4463.6
4690.6
4639.4
4623.2
4609.9
4782.8
4594.2
4619.6
4655.1
4648.5
4559.5
4592.9
4666.0
4618.4
4582.6
4615.4
4648.3
4629.9
4555.3
4588.1
4594.6
4561.6
4603.2
4779.5
4600.9
4561.7
4532.6
4587.5
4601.5
4583.2
4548.8
4556.6
4608.6
4603.9
4586.0
4554.6
4581.3
4568.0
4605.2
4580.1
4572.2
4593.2
4600.3
4647.1
4599.1
4595.2
4670.5
4627.4
4578.8
4563.9
4588.0
4573.2
4574.5
4652.1
4575.0
4550.2
4570.2
4636.2
4584.0
4566.2
4503.4
4665.3
4560.9
4548.5
4570.8
4581.6
4566.1
4569.0
4656.1
4608.6
4524.4
4574.8
4621.9
4581.2
4574.8
4578.5
4629.8
4586.3
4575.9
4582.3
4595.8
4562.3
4571.2
4523.5
4616.6
4568.4
4557.7
4610.1
4587.0
4595.7
4524.4
4536.7
4594.3
4533.0
4555.2
4602.1
4544.5
4437.9
4617.8
4574.4
4572.0
4554.0
4604.2
4571.5
4584.8
4554.9
4734.0
4600.7
4593.2
4585.4
4641.6
4589.8
4582.2
4567.8
4598.4
4577.6
4576.2
4629.1
4555.6
4517.7
4560.2
4622.4
4559.4
4551.5
4565.2
4595.6
4548.2
4446.2
4596.7
4628.4
4572.9
4591.0
4578.0
4577.2
4481.1
4429.9
4627.5
4579.5
4554.4
4554.7
4541.4
4576.6
4545.6
4546.9
4623.3
4572.7
4551.1
4596.2
4566.3
4615.6
4591.0
4609.3
4582.2
4579.5
4574.3
4620.7
4571.8
4570.2
4634.1
4618.4
4563.5
4565.0
4601.9
4567.2
4562.1
4512.0
4693.6
4607.4
4564.6
4538.8
4591.8
4535.7
4543.0
4615.3
4540.6
4599.2
4537.5
4600.1
4547.9
4594.5
4480.0
4632.5
4578.8
4591.2
4574.8
4597.9
4566.2
4555.6
4460.8
4617.1
4542.3
4596.6
4658.3
4555.9
4702.0
4550.8
4614.3
4574.8
4577.7
4581.8
4514.6
4548.4
4541.0
4727.4
4624.5
4585.6
4589.1
4625.3
4566.8
4587.6
4599.5
4664.0
4563.0
4545.0
4574.8
4562.5
4603.1
4613.2
4617.1
4606.1
4585.4
4567.9
4614.1
4528.5
4603.1
4537.9
4663.6
4566.8
4540.3
4569.4
4623.9
4551.0
4553.9
4524.0
4517.8
4589.3
4561.8
4626.0
4553.1
4548.5
4582.8
4648.1
4561.8
4565.2
4567.2
4564.9
4562.6
4547.5
4476.8
4606.0
4558.5
4556.0
4563.0
4575.6
4539.3
4572.7
4533.5
4593.9
4538.5
4547.9
4585.0
4534.3
4556.0
4576.8
4592.5
4534.8
4553.5
4566.1
4583.0
4562.4
4597.4
4679.3
4598.2
4569.2
4568.5
4638.2
4562.4
4448.0
4587.5
4603.1
4571.6
4543.5
4540.8
4645.1
4577.1
4603.0
4608.9
4597.1
4525.2
4550.0
4586.4
4563.1
4544.8
4555.8
4672.6
4564.9
4555.8
4543.8
4590.9
4569.5
4563.8
4578.8
4668.9
4559.1
4553.7
4561.0
4583.0
4561.7
4588.9
4589.8
4645.5
4649.8
4610.5
4769.5
4635.5
4598.4
4573.8
4654.1
4613.6
4626.7
4580.0
4603.2
4601.2
4522.0
4615.3
4618.9
4596.3
4532.7
4579.0
4584.4
4560.0
4623.5
4628.5
4588.1
4574.9
4560.3
4552.9
4565.4
4580.5
4637.6
4613.6
4554.2
4571.1
4586.0
4602.9
4563.2
4544.6
4566.2
4557.7
4600.8
4572.8
4602.6
4549.3
4580.5
4604.6
4569.1
4599.0
4513.8
4522.2
4579.0
4572.2
4526.2
4538.3
4639.8
4584.8
4570.6
4565.8
4566.6
4564.7
4575.1
4565.4
4507.5
4593.9
4570.3
4598.0
4550.5
4605.6
4664.7
4642.2
4569.7
4560.1
4631.5
4590.9
4588.8
4512.3
4511.8
4581.7
4540.0
4539.1
4593.5
4503.3
4539.8
4606.3
4597.6
4563.5
4554.5
4616.6
4589.2
4568.0
4549.2
4637.9
4580.9
4560.0
4578.4
4610.2
4579.6
4600.4
4621.4
4608.9
4556.5
4573.3
4582.8
4596.4
4570.6
4471.9
4665.1
4597.1
4591.0
4572.6
4588.8
4607.7
4564.2
4567.0
4530.3
4579.2
4565.5
4644.9
4559.6
4595.4
4586.3
4655.7
4544.8
4566.0
4603.3
4576.5
4560.2
4559.4
4541.7
4636.9
4591.0
4562.7
4570.0
4561.3
4491.6
4732.5
5057.7
4704.6
4619.1
4651.8
4822.0
4674.6
4590.0
4602.7
4633.7
4591.3
4601.8
4600.5
4601.6
4607.4
4625.7
4614.2
4590.2
4572.6
4607.0
4583.2
4552.3
4590.6
4608.8
4577.9
4563.3
4578.5
4631.8
4571.3
4602.0
4636.5
4637.6
4564.4
4584.9
4572.8
4660.7
4602.6
4594.9
4526.3
4602.6
4559.6
4573.9
4584.5
4567.7
4619.1
4620.4
4588.9
4602.4
4559.5
4635.4
4569.0
4538.7
4568.3
4606.5
4566.7
4552.0
4600.0
4582.7
4544.9
4573.5
4604.4
4510.3
4588.3
4555.9
4606.6
4604.2
4549.0
4571.4
4657.5
4617.3
4577.5
4594.4
4662.1
4574.2
4558.3
4598.6
4663.4
4582.0
4588.5
4624.5
4564.6
4554.0
4555.2
4631.0
4594.4
4605.3
4573.5
4605.5
4522.0
4521.4
4654.3
4626.5
4579.7
4562.1
4599.7
4577.1
4566.4
4571.6
4514.2
4591.5
4563.7
4543.2
4622.1
4566.1
4579.5
4676.4
4687.7
4618.8
4577.5
4620.1
4616.5
4563.6
4565.8
4732.7
4559.3
4538.0
4564.3
4604.5
4529.0
4620.4
4589.5
4559.2
4563.4
4583.9
4538.8
4583.6
4549.8
4458.3
4609.9
4601.4
4568.4
4549.1
4604.7
4522.0
4569.9
4586.7
4676.8
4611.6
4555.8
4536.3
4591.2
4609.5
4572.6
4565.8
4522.8
4550.1
4562.5
4628.3
4553.7
4571.8
4597.2
4608.6
4556.5
4544.8
4585.6
4590.8
4559.9
4531.2
4699.5
4613.0
4560.8
4563.6
4637.0
4565.0
4592.5
4515.0
4650.3
4635.0
4557.6
4681.4
4594.4
4620.6
4426.2
4667.8
4606.9
4554.3
4571.9
4637.0
4529.8
4578.3
4512.1
4622.8
4578.6
4555.5
4569.8
4569.6
4560.6
4599.6
4628.8
4588.1
4571.8
4573.5
4607.6
4566.1
4516.8
4495.4
4554.0
4568.9
4543.5
4572.0
4525.1
4564.6
4557.1
4573.8
4567.8
4560.0
4637.2
4670.0
4624.9
4574.7
4610.2
4644.4
4560.7
4540.4
4583.4
4519.0
4567.0
4555.7
4623.8
4601.8
4525.7
4561.6
4585.9
4563.7
4586.1
4655.0
4662.4
4627.2
4638.4
4685.1
4621.9
4606.4
4465.2
4679.8
4676.5
4727.0
5155.8
5051.4
5186.0
5013.4
5900.7
5208.3
4593.0
4722.7
4716.4
4676.1
4643.2
4687.0
4630.8
4637.2
4590.8
4585.2
4593.9
4679.6
4768.1
4696.8
4616.8
4551.9
4583.0
4646.6
4593.7
4604.5
4591.7
4631.5
4573.1
4513.0
4690.6
4577.7
4525.5
4684.8
4641.7
4573.3
4597.0
4592.2
4611.7
4592.9
4459.2
4676.3
4639.0
4581.8
4562.1
4615.1
4565.2
4534.6
4543.1
4614.0
4552.5
4556.1
4592.4
4636.9
4688.8
4563.2
4565.0
4599.9
4536.1
4556.4
4583.0
4634.5
4724.2
4914.0
4861.5
4681.6
4612.3
4657.4
4566.0
4385.5
4418.2
4970.9
4702.7
4657.3
4554.4
4671.8
4624.9
4489.4
4646.9
4615.3
4574.5
4588.9
4622.2
4584.0
4576.2
4615.4
4558.6
4611.4
4578.9
4530.6
4627.5
4574.1
4567.5
4594.8
4549.8
4598.1
4581.5
4599.2
4566.2
4562.8
4600.0
4656.6
4599.8
4563.9
4525.5
4599.2
4545.9
4616.0
4538.7
4530.8
4519.3
4546.0
4621.9
4604.7
4585.4
4429.9
4628.3
4593.2
4553.0
4548.4
4572.0
4528.4
4549.7
4674.5
4639.0
4576.0
4556.0
4678.7
4596.2
4583.5
4550.3
4557.2
4586.6
4537.5
4559.8
4646.2
4586.6
4598.0
4676.0
4819.8
4681.6
4660.4
4647.9
4626.0
4622.3
4571.2
4613.2
4589.8
4582.9
4619.3
4640.5
4552.9
4594.2
4660.3
4578.8
4577.0
4531.9
4554.1
4553.7
4587.5
4536.1
4593.5
4606.7
4548.8
4549.7
4604.8
4531.0
4648.2
4625.9
4620.6
4591.0
4604.8
4644.1
4593.5
4614.2
4657.0
4679.2
4611.5
4538.0
4605.8
4637.5
4567.8
4621.8
4625.4
4655.0
4642.1
4615.0
4659.3
4601.7
4606.6
4522.9
4685.8
4550.9
4591.9
4556.7
4613.4
4579.0
4566.5
4756.0
4622.8
4567.1
4551.4
4716.6
4620.2
4615.6
4583.5
4547.4
4638.0
4561.4
4602.0
4627.5
4599.6
4585.1
4629.7
4616.9
4582.7
4539.5
4567.8
4621.1
4603.8
4548.2
4481.0
4656.4
4730.2
4638.1
4688.9
4561.7
4614.9
4596.3
4509.8
4590.7
4611.4
4571.4
4584.0
4563.8
4600.9
4655.0
4590.5
4575.7
4552.0
4601.3
4550.0
4552.3
4564.2
4554.5
4614.8
4570.0
4552.8
4560.4
4525.1
4482.4
4561.5
4560.0
4554.2
4602.9
4576.3
4543.6
4565.2
4488.5
4623.5
4587.0
4599.4
4605.3
4571.3
4457.2
4558.0
4602.5
4593.2
4570.7
4572.0
4582.9
4537.9
4539.1
4654.7
4600.9
4556.1
4555.3
4629.2
4584.8
4581.5
4508.1
4676.9
4573.5
4577.4
4541.6
4579.7
4615.6
4496.7
4615.2
4632.9
4528.5
4561.3
4608.3
4577.8
4566.4
4534.7
4785.1
4569.7
4591.9
4583.5
4636.5
4545.5
4597.2
4576.3
4652.5
4589.5
4613.0
4595.9
4603.8
4572.2
4464.3
4603.4
4591.0
4583.6
4556.2
4608.2
4516.9
4550.0
4591.5
4663.9
4573.7
4481.3
4196.9
3529.2
4569.5
4618.8
4614.8
4629.3
4576.8
4525.3
4572.0
4524.7
4554.6
4520.1
4717.6
4641.0
4554.7
4629.4
4568.9
4589.1
4582.5
4499.8
4695.2
4569.1
4628.1
4549.6
4596.4
4622.0
4587.6
