1787.8
1605.0
1604.8
1605.7
1597.8
1605.7
1592.5
1556.5
1572.0
1591.2
1592.5
1587.5
1584.8
1586.7
1604.0
1597.2
1663.1
1586.0
1578.5
1600.5
1632.4
1640.2
1645.3
1676.5
1673.7
1667.5
1670.1
1671.0
1671.9
1663.5
1663.5
1868.4
1869.2
1852.7
1870.3
1783.5
1924.0
1906.3
2086.3
2092.0
2130.3
2101.7
2098.8
2094.1
2378.2
2471.5
2440.6
2422.9
2492.6
2460.9
2732.3
2753.2
2751.5
2762.9
2743.1
3193.2
3330.9
3318.0
3362.0
3387.8
3646.5
3638.0
3598.0
3590.8
3623.5
3692.2
3656.7
3623.2
3597.0
3645.9
3689.6
3629.5
3623.1
3714.6
3679.1
3759.6
4288.3
4311.1
4249.5
4269.5
4298.8
4273.6
4234.2
4263.0
4268.9
4256.5
4304.2
4366.1
4315.1
4319.6
4237.1
3619.0
3628.8
3665.9
3709.6
4374.8
4308.1
4303.7
4316.3
4291.5
4328.0
3683.9
4294.7
3649.0
3638.0
3670.8
4307.9
3700.4
4419.8
4349.9
4305.2
4331.6
4345.0
4316.8
3633.2
3679.2
3810.7
3653.6
4273.3
3705.4
4365.9
4293.8
4324.7
4352.0
4363.0
4335.0
4357.8
4278.3
3707.3
4342.5
4393.6
4337.5
4297.9
4331.4
4332.5
4366.5
3833.9
3763.5
3777.0
4361.4
4341.1
4328.2
4330.5
4381.0
4333.2
4298.1
3674.0
3705.3
3721.0
3742.0
4342.4
4460.4
4371.7
4331.3
4316.2
4332.7
4281.0
3670.8
3726.0
4330.2
4329.5
4352.5
4306.7
4331.3
4351.0
4344.2
3660.2
3692.6
4295.4
3672.8
4344.3
4368.2
4365.3
4314.9
4331.2
4349.2
4322.7
3685.6
4383.3
4389.2
4331.1
4326.4
4307.2
4342.7
3672.2
4387.4
4340.4
4338.3
4338.0
4347.7
4302.8
4264.1
3815.9
4293.5
4340.1
4305.3
4307.8
4341.8
4385.9
4357.4
3733.2
4325.8
4330.5
4328.5
4327.4
4342.3
4412.4
4369.6
4328.6
4323.9
4325.0
4305.3
4325.0
4333.8
4333.3
3686.1
3716.7
3723.3
3685.3
4273.6
3736.5
3730.8
3675.7
4345.2
4346.0
4354.6
4326.5
4351.8
4361.0
4307.0
3660.2
3708.8
3694.6
3673.8
3686.5
3657.2
4312.2
4354.7
4316.2
4303.3
4319.2
4383.2
4361.2
3644.9
3650.0
3797.0
4329.2
4333.3
4379.9
4332.2
4306.0
4369.2
3662.6
3660.1
3736.2
3765.3
4383.4
4327.2
4339.5
4352.3
4349.2
4353.5
4463.3
4386.0
4316.1
4321.1
4305.5
4298.8
4300.5
4414.1
4353.8
4301.6
4319.9
4306.6
4303.1
4375.5
3783.0
3713.5
4361.1
4356.7
4327.8
4309.9
4335.7
4398.4
4312.2
4306.9
3652.6
3673.6
3657.8
3688.1
3739.7
3721.2
4339.1
4343.9
4316.0
4305.6
4326.5
4362.1
4350.6
4322.4
4316.9
4316.0
4360.5
4322.5
4520.0
3679.3
3681.0
3693.9
4302.2
3660.7
3657.0
3722.2
4385.7
4348.1
4332.3
4322.1
4328.8
4332.3
3721.9
3686.2
4348.9
4320.7
4302.4
4299.8
4295.0
4323.4
4313.0
4300.2
3649.0
3619.8
3645.0
4250.8
3752.8
3722.0
3670.1
4308.3
4300.8
4312.7
4308.7
4369.4
4347.4
4321.2
4240.5
3662.8
3764.2
4323.6
4341.8
4323.6
4312.6
4310.8
4326.5
4321.2
3668.1
3701.4
3680.2
3668.1
4306.6
4303.7
4316.1
4353.5
4342.0
4332.0
4350.5
4320.8
4327.0
4316.2
4302.5
4327.0
4345.1
4298.6
3646.2
3669.7
3705.4
3696.2
3702.9
3736.5
3674.5
4284.3
3665.1
3772.5
4329.1
4345.2
4363.5
4316.0
4315.0
4341.3
3658.3
3648.7
3675.7
3744.9
3752.9
4335.8
4319.5
4311.0
4326.6
4343.1
4325.2
4323.5
4336.9
3684.4
4326.9
4297.0
4318.4
4316.6
4328.8
4342.6
4324.8
3678.8
4292.0
3654.8
3704.1
4347.5
4333.2
4341.5
4335.1
4292.6
4316.3
4496.0
3679.8
3679.0
3698.3
4315.8
3682.1
3664.3
3685.9
4334.4
4333.8
4310.8
4319.9
4317.5
4302.8
3725.6
3722.7
3678.0
3674.1
4303.8
3681.8
3658.0
3686.2
4366.8
4352.2
4319.2
4373.0
4330.5
4316.3
4358.3
3687.7
3679.2
3674.7
3706.2
3711.7
3662.2
4271.9
3651.6
3692.4
4310.8
4308.2
4312.2
4315.4
4328.5
4366.2
4329.5
4285.5
3659.9
4298.6
4310.5
4374.5
4339.1
4310.7
4330.6
4333.6
3654.6
3643.6
3664.8
3687.2
3748.6
3688.4
3676.8
4288.4
3649.5
3639.7
3681.8
4386.6
4310.6
4279.8
4354.0
4300.6
4306.8
4387.7
4371.8
3698.1
3681.8
3676.7
4318.2
4308.7
4312.0
4307.1
4296.9
4301.8
4342.9
4387.9
3690.2
4362.2
4364.6
4333.5
4331.9
4335.8
4313.3
4308.9
3695.9
4292.9
3641.7
3647.7
4302.5
4308.6
4318.5
4408.4
4390.2
4336.8
4325.5
4332.8
3662.2
3653.5
3696.7
3693.0
3684.4
3695.5
3668.9
3673.8
4286.1
3663.1
4353.3
4287.2
4329.9
4339.9
4308.9
4324.9
4296.9
4318.2
3689.6
3664.8
3717.2
3679.2
4359.4
3717.5
4400.4
4360.8
4312.2
4316.3
4301.6
4302.9
4321.2
3730.4
4350.0
4310.8
4318.1
4307.4
4321.5
4348.9
4321.9
3726.5
4346.2
4354.1
4345.7
4314.6
4316.3
4418.6
4306.2
3650.1
3716.3
3681.5
3696.5
4308.0
3691.9
3647.9
3647.0
4331.5
4322.5
4324.6
4332.4
4357.1
4326.6
3661.9
4304.8
3672.8
3713.9
3663.4
4379.2
4357.6
4336.3
4349.5
4326.0
4313.0
4323.6
4332.6
4313.5
4309.3
4334.9
4304.7
4310.6
3668.8
3764.8
3761.3
4312.6
3685.0
3687.2
3666.9
3642.2
4309.0
3736.9
4328.1
4330.2
4320.2
4312.3
4325.5
4402.4
4355.8
3682.8
3668.2
4337.5
4325.9
4300.3
4331.2
4362.6
4315.0
4366.9
3658.7
3679.9
3644.2
3702.5
4358.8
3705.9
4300.5
4323.1
4337.6
4299.5
4330.2
4334.5
4260.6
3686.3
4324.8
4314.5
4311.5
4388.9
4415.2
4325.0
4289.3
3652.8
3661.7
4338.0
4343.9
4341.5
4314.8
4333.8
4329.2
4305.1
4305.5
3715.5
3674.7
4300.6
4307.9
4306.2
4318.3
4324.4
4371.2
4369.8
4312.0
4305.9
4327.8
4273.5
4256.6
4360.5
4365.8
4274.1
3674.6
4322.0
4341.6
4327.0
4318.1
4322.9
4339.9
4277.5
3666.2
3679.7
4266.9
4359.3
4378.3
4306.8
4303.4
4294.8
4329.7
4308.9
4439.8
4309.3
4339.2
4317.8
4304.3
4317.4
3685.6
3661.0
3674.0
4319.6
3645.5
3655.0
3653.0
3659.5
3718.1
3721.5
4347.1
4331.0
4340.2
4296.5
4329.8
4386.3
4338.0
3637.9
3665.8
3663.9
4288.5
3686.9
4342.2
4304.3
4296.8
4302.0
4319.7
4302.4
4302.1
4367.7
3782.0
4342.0
4313.7
4320.0
4341.9
4296.6
4339.8
4326.9
3665.4
4297.8
3648.4
4295.1
4311.3
4331.5
4333.7
4306.8
4319.0
3675.2
4314.6
3676.8
3693.5
3671.0
4308.6
4351.3
4331.8
4309.5
4336.8
4374.3
4365.4
4318.2
4301.8
4343.9
4314.3
4309.6
4320.5
4318.1
4250.5
3638.1
3663.2
3687.1
4329.5
4393.1
4367.4
4334.4
4335.0
4344.2
4305.0
4302.0
4341.2
4325.9
4322.6
4313.8
4318.4
4329.0
3802.2
3736.9
3648.2
3671.3
3805.5
4367.9
4312.4
4334.4
4344.4
4335.3
4341.9
4243.2
3766.8
4263.6
4314.2
4386.8
4345.3
4303.0
4340.2
3690.3
3677.7
4286.8
3681.1
4328.3
4305.7
4339.9
4311.5
4346.4
4372.3
4374.1
4332.5
4312.8
4309.6
4332.6
4302.3
4342.9
3711.9
3703.0
4331.4
4319.6
4318.8
4303.9
4363.4
4351.0
4325.1
4348.2
3721.4
4334.5
4325.2
4354.0
4345.2
4305.8
4313.5
4302.6
3705.8
4300.8
3695.3
3690.8
4319.0
4302.4
4344.1
4311.0
4320.2
4356.5
4350.3
4310.8
4327.5
4332.5
4304.0
4300.5
4417.0
4374.2
4341.4
4304.3
4321.3
4305.2
4321.7
4441.7
3688.4
4315.7
3648.1
3700.6
3688.5
3698.0
3715.4
3652.5
4235.6
3653.5
3659.2
3667.5
4350.6
4350.0
4370.0
4312.9
4310.9
4326.9
4311.2
3676.2
4374.2
4338.5
4350.6
4319.8
4310.9
4305.2
4343.6
3714.6
4331.2
4319.8
4368.6
4336.3
4303.8
4323.9
4476.0
3755.4
4275.9
3658.0
3683.2
4335.3
4311.8
4339.6
4305.0
4299.4
4342.2
4299.3
4299.0
4320.4
4333.2
4405.0
4336.8
3705.3
4361.8
3674.0
3650.6
3719.9
3709.2
4288.5
3664.0
4299.0
4357.2
4334.0
4387.5
4354.7
4315.8
4328.1
3696.4
4269.8
3686.4
4330.9
4339.5
4352.2
4314.1
4334.8
4325.4
4321.3
3755.2
3723.5
3720.8
3732.9
3658.9
3660.6
3750.8
4409.2
4406.0
4358.1
4334.5
4339.9
4338.8
4324.6
3727.5
3725.4
4296.6
3714.9
4325.2
4337.6
4311.1
4354.1
4334.5
4310.7
4311.0
4278.2
3803.5
3663.0
4353.3
4372.1
4306.0
4316.9
4353.6
4315.5
4303.2
4343.9
4345.2
4321.9
4296.2
4340.5
3671.9
4342.4
4323.7
4312.1
4362.3
4340.0
4313.8
4320.2
3680.7
4356.3
4330.4
4324.2
4322.1
4373.4
4292.1
4330.2
3851.4
4322.2
4304.4
4332.7
4397.9
4344.1
3794.7
4465.2
4330.8
4349.0
4342.7
4329.1
4309.6
4484.6
3717.5
3739.0
3722.7
3693.3
4296.6
3654.3
3659.2
4352.0
4354.8
4306.0
4345.6
4345.2
4338.5
4373.3
3692.7
3693.0
3705.4
3684.3
3682.4
4325.1
3645.2
3685.0
3682.0
4351.7
4309.2
4327.2
4314.2
4307.9
4355.0
4378.1
4317.8
3681.6
3692.3
3680.1
4308.3
4356.0
4345.8
4333.8
4321.8
4314.1
4273.8
4292.9
3722.2
3719.1
3677.7
3682.2
3693.0
3676.2
4315.8
3707.7
3769.2
3661.0
3681.7
3667.0
3674.8
4329.2
3649.9
3703.7
3669.9
3704.4
3697.0
4287.9
3705.2
4313.8
4344.2
4358.5
4310.7
4297.7
4310.0
4323.6
4294.1
3662.5
3649.1
4313.7
4338.0
4326.0
4304.8
4302.2
4379.0
4336.0
4312.7
3660.7
3664.4
3656.3
3734.0
4307.4
3905.7
4335.9
4348.9
4311.4
4304.8
4319.0
4354.4
3747.3
4337.5
4282.3
4282.1
4303.1
4334.8
4359.2
4312.4
4244.1
3663.6
3655.7
4309.8
4285.0
4392.4
4349.4
4330.4
4357.0
4285.5
3779.4
4337.6
4265.8
4225.9
4148.3
4160.0
4231.4
4334.9
3704.8
3767.5
3673.0
3709.7
3726.4
4322.2
4301.5
4304.4
4338.3
4346.5
4356.2
4341.5
4323.4
4304.2
4334.1
4339.2
4327.5
4343.0
3665.5
4301.5
4264.3
4330.2
4380.0
4375.2
4356.2
4325.3
4355.4
3744.2
3702.9
3708.2
3722.0
3659.1
4369.2
4329.2
4316.7
4323.9
4442.9
4378.7
4325.1
4368.2
3667.3
3655.6
3664.7
4350.5
4347.0
4332.5
4307.4
4305.5
4294.8
4311.9
4332.8
3741.5
4350.8
4340.7
4341.0
4310.2
4289.6
4376.2
4377.0
4323.7
3650.0
3645.7
3643.1
3708.8
3703.2
4351.2
3664.6
3665.6
3797.0
3707.5
4338.9
4344.5
4414.2
4324.7
4313.5
4315.9
3680.0
4323.6
3686.8
3870.6
4547.1
4325.4
4250.5
4321.1
4397.6
3721.4
4404.3
4335.5
4366.5
4348.7
4321.7
4348.8
4380.2
4345.5
4334.2
4300.5
4339.8
4306.4
3718.5
4347.0
4329.4
4338.5
4320.7
4315.9
4401.4
3736.3
3686.9
3758.9
3686.9
3700.5
4346.9
3688.8
3728.6
3684.8
4306.8
3689.5
4352.7
4304.7
4313.7
4335.6
4368.0
4355.9
4328.0
4273.7
3671.0
4337.5
4296.5
4312.8
4316.3
4291.7
4308.0
4338.4
3663.2
3674.5
3696.1
3814.3
3661.4
4360.9
4322.7
4350.2
4332.0
4319.7
4422.0
4325.9
3649.4
3719.2
3688.6
3641.2
3688.6
4354.2
3678.2
3659.5
3685.0
3705.7
3668.2
4296.5
3688.0
3709.0
3656.2
4310.3
4310.8
4315.9
4282.1
4361.4
4460.1
4331.0
4352.5
3694.8
3666.0
3693.0
3680.8
4327.4
4329.5
4312.7
4338.5
4320.8
4315.8
4351.0
3707.9
4349.9
3712.8
3735.8
4329.1
4324.1
4327.5
4325.3
4357.2
4319.0
4320.8
3668.4
3702.5
3722.8
3670.2
3670.6
3700.7
3713.8
4289.9
3763.1
4332.1
4384.7
4333.7
4305.8
4328.8
4350.3
4288.8
3662.6
4310.1
3756.4
4350.4
4313.3
4335.0
4326.3
4329.7
4477.0
3751.5
3716.1
3681.3
3692.6
3704.1
4269.7
3739.6
4322.9
4358.4
4324.0
4317.6
4327.2
3668.0
4462.8
3795.3
3757.6
4361.7
4352.5
4356.1
4323.4
4347.0
4364.4
4311.7
3670.2
3708.0
3715.8
3721.4
3688.2
4289.6
3673.6
3780.8
4295.0
4339.8
4324.0
4356.9
4387.5
3721.6
4287.8
3789.7
4316.9
4327.1
4303.5
4313.1
4301.4
3664.6
4303.0
3689.0
3658.2
3669.6
3725.7
3801.7
4329.8
3821.9
3901.0
4377.3
4290.9
4367.8
4301.0
4179.5
3957.8
3548.5
3068.6
3423.0
4397.7
4492.1
4399.7
3796.0
4449.7
4381.5
4347.4
4354.4
4390.9
4305.7
4341.6
4331.0
4322.8
4317.2
4351.5
4376.1
4388.7
3701.4
3661.2
4360.9
4298.3
4356.8
4325.8
4333.9
4343.3
4328.6
3681.4
4311.5
3757.5
4373.2
4352.0
4322.3
4315.4
4299.9
4309.0
4352.6
4338.7
4353.2
4314.6
4300.5
4288.7
4266.3
4409.2
4329.0
4308.4
4349.6
4313.5
4298.7
4373.3
3764.9
4304.4
4326.6
4315.7
4320.7
4311.3
4405.5
3820.2
4304.9
4334.5
4369.0
4337.7
4349.9
4390.9
4342.2
4352.8
4342.4
4332.0
4354.5
4329.5
4398.2
3698.8
3692.3
3697.2
3711.9
3687.7
3661.1
4346.5
3668.0
3657.5
3667.4
4343.9
4307.0
4335.6
4349.9
4345.5
4327.3
4329.2
3672.5
3693.7
3702.0
3685.5
3721.5
4344.5
3651.0
3665.9
3639.8
3640.4
4324.4
4355.1
4384.2
4324.7
4336.3
4316.7
4317.8
3676.6
4366.8
4323.0
4328.2
4319.5
4347.8
4322.2
3657.0
4468.7
3710.9
3693.2
4334.0
4310.7
4314.6
4341.1
4360.0
4344.4
4328.8
3680.5
3694.4
3727.3
3700.0
3741.3
4332.5
3727.5
4342.0
4323.4
4291.2
4319.8
4341.5
4330.4
4300.9
4302.9
3668.7
3607.8
3676.1
3720.8
4474.2
4321.9
4299.0
4347.5
4402.0
4316.6
4390.0
4340.8
4356.0
4327.6
4337.2
4305.9
4311.5
4407.7
3691.5
3649.0
4312.9
4326.1
4282.7
4415.5
4590.5
4440.5
4285.0
3584.5
3555.2
3618.2
3577.5
4375.0
3557.9
3457.4
3482.2
3507.0
3454.7
3413.0
3415.2
3524.5
3540.8
3469.6
3464.6
3485.7
3435.5
3436.0
3435.7
3487.9
4165.3
3423.3
3479.2
3483.4
3441.4
4088.0
4335.7
3861.0
3833.0
3722.6
4365.5
3668.7
3712.8
3709.1
4351.2
4436.1
4381.6
4346.2
4318.8
4317.3
4307.1
4316.1
3697.0
3701.5
3650.4
3661.8
4325.5
4333.8
4391.2
4388.4
4331.0
4341.9
4364.0
4306.3
4303.5
4347.1
4337.8
4301.5
4311.3
4319.2
4349.3
3722.7
4369.5
4366.9
4328.5
4362.2
4321.2
4349.8
3688.3
4301.2
3763.2
4325.9
4312.0
4310.2
4297.0
4322.1
4443.3
4357.4
3684.5
3733.7
3657.1
3700.2
3693.3
4357.8
4332.5
4293.5
4336.0
4349.2
4337.8
4338.9
4277.6
3650.6
3696.5
4374.6
4380.8
4320.9
4358.8
4437.4
4359.3
4332.8
4319.2
4317.8
4334.8
4280.2
4355.7
4378.5
3687.3
4282.5
3657.4
3708.6
4348.6
4348.0
4329.2
4309.2
4313.1
4335.8
4305.3
4277.2
3733.0
4299.4
4337.5
4346.0
4313.2
4324.0
4347.2
4370.8
3690.4
3700.3
3702.0
4305.9
3674.8
3669.7
4374.8
4377.2
4328.3
4360.0
4318.5
4327.5
4371.8
4396.6
3718.0
4326.6
4339.2
4355.6
4278.3
4378.5
4387.7
4355.1
3692.9
3739.1
3684.9
4297.1
3643.4
3701.5
4363.4
4330.5
4361.7
4306.4
4304.4
4374.5
4495.0
3700.3
3681.3
4338.7
4322.6
4299.0
4317.3
4427.9
4339.1
3678.1
4280.6
3629.0
3644.2
4335.2
4356.4
4332.2
4308.5
4336.1
4318.0
4256.2
3827.6
4419.0
4304.6
4337.8
4312.7
3684.9
3699.2
4351.2
4414.3
4352.5
4317.8
4335.4
4327.0
3703.9
4372.5
4327.9
4346.8
4317.4
4333.1
4325.7
4333.0
3733.0
3702.2
3717.8
3713.4
3716.8
3661.5
4307.2
3662.1
3680.9
3721.1
3726.2
3704.1
3702.1
4301.8
4330.0
4356.3
4361.7
4318.2
4337.5
4324.3
4326.6
3675.0
3728.9
3683.6
3675.1
4322.0
3684.6
3677.9
3666.2
3662.8
3650.5
4347.4
4329.0
4310.9
4306.5
4317.3
4344.7
4379.0
4273.8
3675.0
4318.3
4321.0
4341.9
4393.5
4404.0
4309.6
4311.8
3682.9
4325.7
4311.0
4342.5
4340.0
4327.0
4325.4
4319.9
4315.2
3692.7
3701.0
4364.5
4311.6
4310.9
4325.0
4334.5
4312.6
4355.7
4258.0
3661.0
3721.5
4305.3
4298.5
4320.8
4396.0
4426.7
4396.9
4356.0
3711.7
4332.1
4295.0
4386.9
4410.3
4357.0
4352.1
4330.8
3664.2
4281.5
3708.6
4332.4
4347.5
4311.5
4321.6
4350.4
4299.8
4324.5
3664.2
3738.4
3685.5
3721.8
3706.7
4267.4
3688.6
3677.3
3636.4
3665.0
3713.3
4313.1
3660.0
3653.0
3669.1
4314.2
4298.9
4301.7
4374.8
4339.5
4296.1
4289.3
4304.7
4285.0
3693.8
4331.5
4310.5
4311.7
4405.7
4334.1
4302.7
4325.0
4356.6
4322.4
4358.6
4336.3
4306.5
4325.9
4432.3
3722.8
4335.9
4348.2
4349.9
4317.1
4310.5
4305.5
4370.3
3728.8
3922.1
3729.3
3679.1
4362.9
4304.5
4315.6
4295.2
4374.4
4329.9
4335.5
4333.9
4308.3
4318.5
4321.1
4400.0
4390.9
3731.4
4282.2
3672.0
4304.2
4291.4
4355.7
4344.2
4313.6
4291.5
3686.7
3723.1
3667.3
3724.4
3717.4
4359.6
4311.0
4324.7
4342.1
4345.0
4356.8
4364.5
4342.3
4317.6
4324.5
4301.9
4263.2
4386.5
3741.9
4297.1
3690.0
4308.4
4315.7
4340.8
4336.4
4340.7
4336.5
4326.2
4310.1
4327.9
4354.2
4449.2
4336.7
3697.0
3741.8
4385.4
4367.7
4370.4
4367.3
4321.6
4302.2
4277.8
3693.2
3698.9
4363.2
4410.7
4332.9
4338.7
4321.9
4331.9
4282.1
3674.2
3680.1
4324.7
4326.4
4314.7
4327.4
4335.1
4411.7
4288.3
3739.2
4337.7
4314.5
4326.0
4308.8
4349.3
4346.1
3688.5
3703.0
3683.2
3687.7
3687.0
3700.0
4370.3
3653.2
3645.8
3688.6
3668.5
4301.6
3646.9
3680.9
3719.9
4312.1
4360.8
4319.0
4279.7
4338.4
4363.5
4348.7
3673.9
3784.5
4316.2
4323.4
4336.5
4341.5
4361.3
4354.2
4353.5
3667.8
3718.5
3734.5
4464.3
4415.2
4366.6
4342.5
4334.1
4315.9
4296.1
4401.0
4345.5
4335.1
4315.0
4328.2
4289.7
4344.0
4452.4
4322.7
4338.3
4322.2
4345.4
4352.6
4354.1
3674.5
3659.7
3703.8
3691.3
4334.0
3661.2
3681.5
3767.0
3722.3
3697.0
4346.5
4337.5
4312.0
4333.8
4349.5
4349.3
4307.7
4258.0
3821.8
4426.1
4349.6
4454.5
4369.5
4342.2
4332.5
4296.0
4335.3
4343.9
4379.7
4320.8
4330.1
3757.0
3706.8
4289.2
3747.9
4328.3
4331.7
4376.1
4320.6
4352.0
4369.5
4391.6
3721.7
3744.2
3795.3
3678.2
4283.3
3746.4
4361.1
4385.1
4354.8
4347.2
4356.6
4333.9
3673.2
4297.8
3809.0
4327.8
4325.6
4342.9
4314.9
4309.4
4388.3
4332.5
4340.7
4342.8
4315.0
4315.3
4298.8
4350.6
4370.0
4312.3
4292.2
4353.6
4262.6
4250.5
4371.0
4347.0
3707.9
4359.9
4311.5
4307.0
4324.5
4328.5
4341.6
4325.4
4344.0
3655.3
3685.9
3679.8
3776.2
4359.0
3682.0
3682.9
4374.8
4328.8
4303.1
4322.2
4318.2
4342.0
4362.4
3680.9
3677.7
3701.4
3791.0
4342.9
4365.2
4392.0
4358.7
4328.2
4363.7
4390.0
4386.4
4357.8
4328.7
4329.4
4327.5
4348.4
4373.5
4345.4
4304.0
4332.3
4352.9
4307.6
4330.7
3665.4
3682.0
4321.1
3658.8
3764.1
4337.8
4363.3
4405.8
4364.6
4321.0
4313.0
3679.1
3675.7
4339.5
3682.1
3653.0
4301.8
4307.0
4324.8
4321.0
4330.5
4428.2
4323.7
3684.8
3649.8
3663.4
4334.2
4297.1
4339.2
4336.7
4340.8
4297.3
4286.5
4312.8
3661.6
3696.0
3692.0
4351.7
4329.2
4355.4
4345.5
4333.7
4342.8
4369.9
4354.3
3658.7
3648.9
3671.8
4369.5
4394.2
4370.4
4308.2
4303.2
4307.3
4315.8
4353.4
4387.5
4306.8
4304.0
4330.0
4316.2
4353.3
4433.2
3654.8
3719.3
3660.7
3696.6
3747.2
4320.2
4295.3
4341.7
4335.4
4349.2
4333.6
4283.7
3662.8
4288.1
3792.1
4341.1
4335.6
4314.2
4311.1
4317.8
3678.9
4314.0
4333.3
4344.7
4329.7
4321.4
4269.2
4380.3
4337.2
4312.0
4340.5
4293.1
4316.9
4315.8
3701.0
4265.1
3681.4
3692.4
4341.1
4347.3
4360.5
4367.7
4380.8
4347.5
4326.8
3671.4
3710.3
3671.9
4307.6
3695.9
3700.1
3703.5
4336.8
4338.0
4342.6
4324.2
4449.5
4346.3
3702.8
4342.8
4334.1
4321.0
4325.4
4319.3
4339.4
3688.3
4311.5
4349.7
4383.6
4376.6
4389.9
4342.7
4329.6
3654.2
3665.6
3662.4
3690.0
3748.5
4331.7
4305.9
4326.8
4311.3
4339.7
4380.1
4387.2
4331.4
4330.7
4308.0
4306.1
4308.9
4384.9
4343.2
3677.2
3678.8
3679.4
4307.4
3663.6
3723.3
4462.8
4366.1
4350.8
4425.5
4327.6
4305.5
4399.0
3675.4
3691.8
3742.4
3701.8
3739.7
4343.3
3546.9
3719.6
3684.3
4310.7
4303.6
4306.0
4291.2
4309.1
4378.9
4333.5
4327.6
3696.1
4293.1
3663.6
3768.8
4340.7
4336.5
4328.4
4329.4
4306.0
4347.0
4281.5
3673.8
4346.1
4319.7
4302.3
4274.0
4327.2
4330.6
4401.3
3696.0
4293.4
3772.7
4315.6
4338.0
4314.3
4416.9
4319.2
3660.1
3672.8
3697.2
3676.0
3698.4
4387.6
3747.0
4343.8
4329.6
4330.1
4296.9
4320.6
4475.4
4380.1
3664.6
3746.5
3710.7
4368.3
4309.9
4369.2
4335.9
4320.5
4307.8
4293.2
4312.1
3719.4
3766.7
3707.2
3644.8
3692.5
3661.8
3710.5
4320.8
4347.5
4343.2
4326.0
4338.9
4333.6
4311.2
4313.8
3766.2
3699.5
4321.1
4345.4
4313.2
4308.3
