1735.4
1550.0
1567.3
1549.7
1606.8
1571.0
1556.1
1558.3
1584.5
1608.3
1559.1
1555.9
1559.9
1563.8
1550.7
1549.7
1545.5
1548.1
1549.6
1554.5
1561.6
1572.2
1579.8
1630.4
1609.0
1551.5
1507.7
1513.1
1540.5
1550.7
1549.1
1548.8
1554.9
1551.3
1574.5
1548.9
1551.4
1542.1
1551.4
1547.8
1542.0
1550.3
1555.0
1554.9
1583.4
1571.4
1551.7
1553.2
1567.0
1545.5
1555.8
1551.5
1547.2
1560.5
1571.7
1570.6
1552.8
1553.2
1551.7
1555.0
1562.4
1543.5
1554.2
1552.2
1571.6
1603.4
1552.0
1574.8
1594.0
1567.0
1555.1
1551.2
1553.4
1552.4
1562.5
1549.5
1550.9
1554.2
1549.8
1571.9
1551.7
1551.4
1556.9
1555.4
1593.2
1607.8
1559.8
1572.0
1557.0
1570.7
1556.2
1544.5
1560.5
1550.1
1553.9
1553.1
1562.2
1571.2
1554.8
1549.3
1564.1
1584.8
1578.2
1569.8
1575.0
1578.4
1574.5
1569.9
1566.1
1568.9
1567.8
1565.2
1572.6
1566.0
1571.6
1572.7
1574.6
1565.0
1568.9
1571.8
1566.1
1560.0
1566.1
1563.1
1589.0
1577.7
1567.3
1570.8
1552.9
1564.9
1567.9
1555.5
1577.5
1559.0
1567.9
1578.0
1568.0
1545.2
1563.7
1562.0
1567.0
1561.6
1574.2
1565.3
1585.3
1590.4
1598.3
1566.2
1567.0
1579.4
1575.0
1564.0
1567.8
1568.6
1564.5
1569.5
1566.3
1561.9
1564.6
1560.9
1560.2
1568.9
1571.7
1565.8
1564.9
1594.2
1575.8
1572.5
1610.0
1577.6
1559.7
1563.5
1569.0
1580.1
1553.7
1578.3
1575.7
1588.8
1585.8
1567.5
1561.7
1566.3
1580.0
1557.2
1568.4
1571.7
1587.0
1571.1
1561.2
1566.8
1564.8
1564.5
1561.9
1564.9
1560.8
1571.3
1573.5
1563.3
1565.0
1568.1
1563.1
1556.8
1568.0
1568.9
1574.8
1566.5
1581.0
1566.8
1564.5
1562.5
1570.7
1577.9
1565.8
1574.6
1558.4
1562.5
1577.5
1563.7
1564.5
1564.1
1565.1
1559.9
1579.4
1581.8
1568.4
1573.1
1577.1
1578.9
1565.9
1562.4
1565.9
1570.4
1561.4
1566.8
1568.9
1568.8
1597.9
1568.9
1564.3
1581.7
1564.4
1563.4
1578.8
1554.5
1555.8
1584.9
1730.8
1564.2
1564.2
1567.3
1575.2
1572.0
1566.3
1567.2
1563.9
1575.4
1586.0
1566.9
1553.1
1567.9
1569.7
1553.0
1552.3
1561.2
1565.1
1564.1
1595.8
1602.8
1576.6
1582.8
1574.2
1568.0
1562.2
1563.2
1565.9
1560.1
1572.0
1578.2
1569.7
1543.4
1569.1
1564.6
1570.8
1566.2
1565.1
1571.8
1572.9
1584.5
1573.3
1565.4
1564.2
1566.0
1561.2
1557.8
1564.2
1564.0
1570.1
1575.7
1563.6
1564.9
1584.5
1579.9
1583.2
1559.0
1567.6
1563.5
1575.5
1579.0
1575.3
1557.2
1563.3
1567.9
1570.1
1552.5
1565.5
1563.8
1561.8
1565.2
1554.0
1568.0
1560.3
1566.7
1564.2
1570.8
1566.7
1557.8
1566.6
1589.5
1585.0
1561.6
1553.3
1580.3
1564.5
1564.1
1576.5
1566.2
1562.6
1565.2
1572.6
1562.8
1565.5
1564.4
1567.3
1563.9
1583.1
1603.9
1583.1
1723.9
1525.9
1504.3
1535.3
1562.2
1571.1
1562.1
1565.0
1573.7
1554.1
1562.8
1567.1
1572.4
1558.5
1581.3
1543.9
1570.2
1563.0
1562.7
1569.2
1581.3
1582.7
1579.3
1558.9
1564.8
1556.8
1553.5
1581.1
1558.2
1563.0
1563.0
1599.7
1578.1
1561.6
1577.1
1578.5
1578.9
1565.7
1554.0
1566.2
1576.8
1577.0
1574.1
1568.5
1584.3
1565.4
1561.8
1568.1
1564.3
1554.2
1560.4
1560.2
1559.2
1561.1
1564.2
1564.7
1567.1
1580.7
1563.8
1564.2
1563.6
1583.2
1581.4
1576.5
1556.8
1570.0
1548.8
1573.2
1555.8
1568.5
1558.5
1568.2
1566.0
1568.5
1564.5
1568.0
1577.4
1579.1
1579.2
1602.6
1579.1
1594.3
1585.8
1566.7
1565.9
1569.3
1555.2
1568.8
1562.5
1557.0
1564.1
1564.6
1562.4
1566.3
1576.2
1566.8
1570.2
1579.5
1574.6
1553.7
1566.8
1591.5
1586.0
1575.6
1565.4
1561.0
1564.8
1560.8
1563.0
1568.5
1567.4
1593.0
1596.9
1567.3
1577.0
1566.8
1565.9
1550.4
1565.5
1566.0
1562.6
1566.2
1591.5
1599.2
1571.5
1571.1
1573.4
1566.0
1562.8
1564.7
1574.2
1573.6
1576.0
1563.1
1573.8
1565.9
1569.2
1553.7
1566.9
1570.0
1562.2
1559.3
1566.6
1582.9
1565.7
1560.3
1565.7
1569.3
1571.1
1580.9
1568.7
1561.0
1575.5
1585.7
1566.1
1573.5
1580.6
1589.4
1570.1
1569.1
1566.5
1564.5
1584.8
1580.2
1577.4
1564.2
1568.3
1571.8
1565.5
1554.9
1563.7
1566.7
1568.7
1566.1
1564.8
1568.8
1568.0
1576.7
1565.2
1573.1
1567.1
1554.5
1579.9
1580.0
1571.3
1555.9
1573.7
1573.2
1561.2
1565.1
1561.6
1577.4
1568.5
1572.2
1563.5
1565.2
1563.2
1563.2
1562.8
1569.5
1565.8
1598.0
1549.0
1584.0
1586.8
1566.8
1563.2
1564.2
1564.1
1562.9
1566.0
1561.2
1571.3
1569.8
1559.0
1558.4
1561.0
1564.0
1563.4
1567.8
1572.9
1578.6
1567.4
1550.5
1582.7
1569.0
1554.9
1545.8
1561.9
1566.1
1565.4
1566.4
1568.6
1563.4
1561.0
1565.3
1575.9
1576.2
1578.2
1607.8
1581.9
1570.2
1566.2
1589.5
1588.3
1581.5
1573.0
1573.9
1561.5
1573.5
1563.8
1566.3
1566.2
1566.8
1551.0
1564.6
1569.0
1560.9
1571.9
1563.3
1566.3
1565.0
1564.6
1573.5
1579.2
1565.9
1563.1
1562.8
1561.2
1561.6
1558.9
1564.2
1564.0
1570.1
1574.2
1565.1
1565.3
1564.3
1608.4
1567.9
1571.7
1571.6
1566.6
1565.1
1585.4
1574.5
1565.0
1566.2
1563.5
1572.3
1565.0
1563.9
1564.5
1579.5
1567.5
1566.7
1563.4
1563.9
1564.7
1556.2
1567.2
1567.8
1557.8
1563.7
1588.0
1576.2
1568.1
1564.2
1563.3
1566.6
1583.7
1569.1
1565.4
1569.9
1575.3
1568.0
1562.1
1565.3
1567.8
1569.5
1564.8
1563.6
1583.1
1578.6
1627.8
1541.6
1532.8
1565.1
1569.8
1565.1
1571.4
1565.9
1565.1
1564.6
1573.3
1564.8
1562.8
1561.7
1566.2
1563.3
1570.1
1569.6
1573.2
1554.2
1567.8
1579.7
1578.0
1573.5
1563.0
1557.5
1564.5
1566.9
1563.9
1559.4
1570.0
1584.0
1565.4
1566.2
1558.9
1565.1
1567.3
1561.1
1564.8
1567.9
1571.5
1590.2
1569.5
1583.2
1571.2
1565.3
1574.2
1565.2
1566.2
1566.6
1582.6
1575.6
1550.2
1567.2
1572.2
1569.2
1573.4
1591.3
1543.9
1568.9
1565.2
1590.1
1574.6
1573.6
1563.5
1567.0
1570.2
1567.4
1569.5
1570.2
1572.5
1565.0
1568.1
1570.7
1604.8
1579.0
1573.6
1572.0
1578.8
1558.5
1583.4
1576.6
1569.4
1558.8
1578.8
1558.2
1548.9
1566.2
1558.1
1565.8
1564.0
1568.0
1574.7
1564.7
1563.8
1571.4
1573.3
1561.7
1568.6
1570.9
1578.3
1578.7
1586.4
1566.1
1559.6
1571.5
1574.5
1567.5
1574.8
1573.6
1568.8
1569.4
1566.2
1577.3
1559.1
1567.2
1555.0
1580.1
1572.8
1563.7
1591.5
1592.3
1579.1
1570.3
1564.6
1566.5
1564.1
1566.8
1569.7
1583.2
1564.1
1570.5
1579.8
1576.2
1567.0
1575.6
1569.3
1565.5
1572.6
1566.5
1563.8
1577.5
1569.2
1566.2
1563.0
1568.2
1553.0
1565.5
1566.0
1565.8
1565.0
1557.2
1577.1
1562.6
1566.2
1566.8
1562.9
1567.3
1562.1
1568.0
1547.4
1590.8
1585.5
1597.0
1561.2
1568.2
1578.7
1576.3
1565.5
1556.0
1559.1
1576.8
1574.9
1565.2
1563.1
1572.1
1580.0
1565.5
1565.0
1565.2
1551.1
1565.9
1595.4
1579.7
1572.1
1569.1
1554.8
1572.0
1552.4
1592.3
1577.5
1576.8
1576.1
1580.2
1574.0
1564.4
1568.9
1570.4
1567.2
1565.7
1560.3
1567.2
1574.7
1579.5
1572.0
1569.2
1569.0
1564.2
1564.8
1565.2
1571.0
1562.5
1564.3
1569.4
1557.0
1568.7
1561.9
1565.9
1569.1
1566.5
1565.6
1566.2
1573.0
1585.8
1560.5
1565.8
1573.5
1574.1
1560.0
1579.2
1560.0
1596.4
1552.8
1589.1
1576.5
1558.2
1563.9
1566.8
1571.3
1583.3
1556.8
1589.1
1565.8
1608.1
1600.4
1568.7
1566.8
1565.7
1562.2
1564.8
1562.7
1560.2
1564.4
1573.6
1563.2
1563.8
1564.4
1568.9
1552.0
1552.6
1566.8
1565.6
1564.3
1579.1
1576.0
1566.4
1564.6
1567.8
1561.8
1567.0
1563.7
1566.0
1563.0
1577.5
1562.6
1565.1
1564.6
1565.9
1566.3
1578.7
1566.2
1564.7
1562.0
1580.6
1584.8
1585.4
1575.8
1561.8
1571.7
1563.2
1566.1
1565.6
1571.0
1569.1
1576.0
1572.2
1568.2
1563.3
1555.4
1571.6
1567.9
1568.2
1560.0
1588.0
1585.7
1554.5
1566.6
1567.1
1562.5
1560.0
1562.8
1568.4
1561.0
1584.6
1569.8
1566.4
1563.5
1575.7
1571.2
1581.2
1590.8
1602.3
1546.4
1515.7
1602.8
1571.2
1568.3
1573.2
1567.8
1563.6
1562.8
1556.6
1552.1
1570.2
1573.1
1567.1
1577.3
1563.2
1558.7
1565.4
1552.7
1560.0
1565.8
1563.6
1592.8
1574.6
1558.0
1560.5
1565.2
1563.0
1566.5
1572.4
1560.9
1565.1
1567.9
1558.7
1566.0
1563.8
1565.0
1574.2
1571.4
1578.2
1569.5
1566.1
1577.4
1587.7
1570.7
1560.1
1576.6
1567.2
1560.2
1567.3
1563.2
1568.4
1571.5
1575.9
1563.1
1571.2
1570.9
1556.0
1553.0
1575.3
1564.7
1565.9
1566.8
1582.9
1576.1
1548.3
1563.9
1567.3
1560.5
1567.8
1557.0
1577.8
1582.1
1560.5
1559.1
1571.9
1570.8
1566.8
1561.5
1563.8
1565.2
1559.4
1569.5
1610.9
1581.0
1581.5
1601.0
1567.3
1563.0
1566.2
1558.3
1567.2
1560.6
1573.8
1575.7
1566.1
1563.9
1563.1
1564.4
1562.6
1567.0
1568.8
1557.6
1578.1
1574.2
1562.9
1565.5
1557.4
1574.3
1569.7
1563.3
1566.0
1559.0
1565.7
1577.7
1566.0
1575.0
1566.8
1578.8
1564.0
1564.0
1568.0
1566.0
1576.5
1581.7
1558.1
1565.0
1568.0
1566.2
1562.8
1549.1
1571.3
1578.1
1561.4
1575.2
1562.5
1564.8
1564.5
1564.9
1559.5
1565.8
1569.8
1568.0
1565.4
1583.0
1563.7
1572.6
1564.2
1567.7
1576.0
1573.7
1563.0
1559.9
1581.4
1575.6
1566.4
1560.6
1567.7
1593.8
1687.4
1584.3
1581.5
1547.4
1577.9
1595.6
1575.4
1575.7
1547.9
1566.5
1554.9
1582.8
1571.9
1569.3
1561.1
1566.4
1565.5
1564.1
1559.5
1565.7
1567.9
1562.2
1564.5
1562.0
1569.6
1579.6
1583.3
1577.4
1571.0
1567.5
1579.6
1563.9
1571.7
1574.3
1565.3
1566.3
1566.3
1572.2
1565.6
1551.2
1554.4
1563.1
1575.1
1562.9
1577.5
1595.6
1569.8
1557.7
1547.1
1566.8
1555.5
1564.8
1564.0
1565.8
1566.8
1567.4
1569.8
1567.8
1565.3
1565.5
1563.7
1571.0
1550.8
1565.9
1566.5
1574.0
1583.4
1572.6
1566.6
1567.2
1562.9
1563.0
1568.0
1560.2
1566.6
1560.5
1584.4
1564.0
1562.2
1566.1
1563.9
1565.8
1562.6
1564.3
1555.0
1565.1
1614.8
1580.0
1562.3
1574.7
1571.9
1568.4
1565.1
1551.9
1564.9
1563.5
1557.6
1575.0
1561.0
1562.2
1576.4
1556.8
1565.3
1565.7
1562.2
1562.8
1585.8
1574.2
1565.9
1556.6
1562.5
1565.9
1568.9
1567.2
1563.4
1553.0
1566.0
1562.7
1564.1
1558.6
1579.1
1584.5
1571.3
1565.5
1565.6
1563.9
1586.0
1587.2
1575.7
1572.3
1572.5
1562.7
1571.8
1574.4
1578.5
1568.1
1584.3
1579.9
1554.2
1564.2
1562.9
1552.8
1566.4
1563.7
1569.6
1563.2
1572.0
1584.0
1576.5
1572.3
1568.2
1575.9
1566.5
1573.6
1576.2
1577.2
1560.6
1576.9
1566.5
1569.3
1566.9
1561.3
1562.0
1567.8
1572.0
1560.8
1629.5
1660.8
1543.5
1518.9
1534.1
1571.2
1571.6
1572.5
1564.8
1542.3
1538.0
1563.5
1562.0
1563.7
1564.6
1565.8
1562.8
1564.0
1565.8
1566.9
1569.8
1588.8
1578.3
1568.4
1564.4
1565.4
1571.2
1563.1
1571.6
1577.0
1567.8
1558.2
1567.6
1566.8
1573.4
1565.8
1564.8
1559.0
1565.9
1558.8
1565.7
1578.0
1565.5
1576.3
1572.2
1571.2
1582.5
1577.3
1565.3
1560.4
1569.8
1563.5
1566.2
1557.6
1577.5
1564.9
1569.5
1569.2
1573.1
1564.5
1569.4
1572.0
1561.0
1565.7
1567.5
1567.6
1554.4
1575.8
1565.0
1570.2
1562.3
1579.6
1577.7
1574.1
1568.9
1561.5
1558.0
1585.8
1564.4
1573.5
1581.2
1572.8
1603.4
1555.6
1564.8
1566.1
1565.2
1565.5
1579.2
1562.7
1568.0
1563.0
1570.2
1577.4
1559.5
1565.7
1572.8
1563.7
1630.5
1616.0
1575.9
1559.4
1582.4
1615.5
1538.0
1564.6
1562.3
1552.2
1574.4
1564.3
1572.3
1584.2
1572.8
1562.4
1564.5
1569.0
1551.0
1565.1
1577.4
1571.5
1558.7
1571.9
1601.0
1605.9
1586.7
1601.8
1582.6
1580.5
1572.7
1563.5
1565.6
1563.2
1563.5
1562.1
1553.2
1557.2
1564.7
1561.8
1563.8
1563.6
1566.7
1571.1
1580.4
1588.4
1577.2
1562.4
1564.0
1560.4
1565.6
1565.6
1564.9
1564.4
1558.1
1571.0
1567.8
1566.2
1580.2
1572.2
1563.4
1563.2
1586.3
1580.3
1574.2
1588.9
1577.5
1577.9
1579.5
1559.5
1560.4
1568.2
1560.7
1709.8
1572.8
1578.6
1569.0
1560.9
1567.1
1574.5
1573.1
1564.0
1570.4
1564.1
1574.5
1589.0
1573.5
1563.5
1574.7
1565.3
1562.5
1568.0
1562.0
1581.4
1567.9
1557.8
1570.2
1577.2
1567.3
1550.7
1563.1
1571.5
1577.8
1551.6
1577.5
1594.8
1594.2
1569.0
1562.3
1578.4
1575.8
1562.7
1566.3
1566.3
1549.2
1575.0
1562.4
1557.2
1565.5
1563.2
1564.7
1563.8
1562.4
1567.4
1565.6
1581.1
1575.5
1557.5
1567.0
1565.9
1567.0
1568.0
1570.1
1565.7
1570.0
1566.8
1581.8
1559.9
1565.6
1559.1
1572.4
1549.0
1565.0
1565.6
1571.2
1578.4
1584.8
1562.0
1571.5
1591.8
1579.1
1569.4
1571.9
1564.2
1567.2
1566.5
1579.8
1574.9
1570.0
1565.5
1565.0
1566.2
1563.0
1567.0
1553.8
1580.4
1579.7
1564.3
1575.7
1558.1
1564.1
1561.5
1567.0
1573.9
1574.0
1562.7
1594.8
1577.0
1575.9
1583.3
1580.4
1572.7
1570.0
1583.5
1567.5
1569.0
1594.3
1594.4
1567.2
1555.7
1564.7
1566.0
1567.5
1565.6
1561.8
1566.9
1577.5
1563.6
1563.6
1561.0
1569.2
1562.2
1558.7
1566.7
1552.2
1562.1
1582.9
1579.1
1563.7
1571.4
1566.0
1556.5
1563.2
1559.9
1574.8
1567.4
1564.1
1564.9
1563.2
1566.3
1557.8
1575.1
1580.2
1594.4
1606.9
1623.8
1567.9
1546.9
1550.7
1575.3
1558.2
1564.3
1565.5
1567.7
1574.2
1579.2
1568.4
1585.7
1550.0
1580.2
1565.7
1565.0
1587.0
1539.5
1567.0
1556.7
1569.0
1583.6
1579.5
1559.2
1568.9
1573.2
1563.9
1563.1
1580.6
1546.8
1573.2
1580.8
1569.4
1564.8
1579.8
1564.1
1573.4
1558.1
1576.8
1571.2
1564.4
1604.7
1577.7
1576.9
1581.8
1581.1
1581.1
1575.8
1563.0
1566.0
1566.9
1561.5
1559.8
1572.1
1567.2
1564.5
1562.9
1562.0
1566.2
1556.5
1573.7
1572.8
1578.2
1571.7
1563.9
1567.5
1560.2
1563.5
1565.7
1561.3
1563.0
1567.3
1568.3
1559.5
1600.4
1570.1
1571.8
1574.7
1571.7
1575.1
1567.9
1585.8
1595.6
1572.3
1580.0
1563.2
1560.5
1566.4
1567.0
1558.6
1559.0
1572.2
1564.8
1562.2
1567.2
1567.5
1567.9
1565.3
1563.5
1564.1
1564.5
1570.8
1582.5
1564.5
1567.3
1563.0
1562.4
1557.9
1561.0
1572.6
1568.2
1565.2
1578.8
1573.1
1566.5
1561.0
1560.0
1570.2
1551.9
1565.2
1573.8
1559.7
1616.8
1568.2
1580.8
1571.6
1567.0
1565.0
1568.0
1560.7
1567.1
1562.6
1558.8
1569.8
1571.1
1558.1
1562.4
1565.5
1570.4
1565.9
1562.5
1568.2
1580.7
1576.4
1561.4
1563.2
1568.7
1562.6
1558.4
1567.2
1554.8
1568.7
1553.7
1564.5
1573.9
1574.8
1566.8
1559.7
1565.2
1563.9
1566.5
1562.9
1573.5
1623.5
1567.7
1566.1
1582.0
1568.4
1575.3
1565.1
1564.7
1565.1
1574.2
1572.6
1568.0
1565.8
1566.7
1566.6
1565.8
1553.2
1558.1
1565.4
1568.5
1585.7
1571.8
1556.7
1564.0
1564.2
1557.9
1565.7
1561.5
1567.6
1565.0
1575.0
1561.2
1567.2
1572.1
1590.8
1573.0
1561.0
1570.8
1563.0
1566.4
1581.9
1576.8
1572.8
1568.9
1566.5
1562.9
1563.0
1570.1
1569.6
1549.5
1568.8
1559.0
1585.7
1573.0
1558.6
1566.0
1567.2
1573.1
1563.3
1580.0
1581.0
1560.0
1565.9
1567.9
1563.0
1564.1
1563.0
1582.2
1557.5
1566.2
1560.2
1571.1
1563.6
1571.9
1546.9
1566.7
1582.3
1565.9
1569.9
1558.5
1591.6
1583.3
1569.2
1563.8
1563.8
1565.4
1561.4
1558.5
1564.1
1561.5
1565.4
1571.4
1561.0
1562.7
1564.2
1561.0
1558.8
1562.7
1565.5
1565.5
1564.5
1583.3
1561.6
1560.5
1565.9
1563.8
1552.8
1567.0
1562.5
1563.7
1571.9
1574.1
1562.5
1565.7
1563.8
1568.8
1578.1
1561.0
1566.0
1564.8
1572.2
1562.3
1577.8
1590.2
1573.4
1569.5
1573.5
1571.9
1564.5
1564.0
1560.7
1568.9
1575.3
1563.8
1565.1
1564.8
1566.5
1569.2
1553.2
1568.2
1569.1
1575.1
1571.3
1571.8
1564.8
1565.4
1561.4
1558.5
1568.6
1574.4
1576.9
1554.3
1564.4
1573.4
1572.8
1571.2
1573.8
1574.3
1571.8
1569.5
1515.0
1570.8
1587.2
1575.2
1567.8
1568.5
1567.5
1558.6
1568.0
1573.7
1572.4
1568.7
1570.0
1567.0
1568.5
1568.2
1560.8
1568.6
1553.0
1572.1
1558.2
1561.5
1575.0
1562.5
1564.0
1565.8
1564.5
1568.5
1572.9
1563.8
1571.1
1583.2
1570.1
1559.5
1557.0
1568.9
1565.5
1568.9
1564.9
1572.5
1566.1
1563.7
1604.0
1571.1
1566.5
1558.4
1558.6
1568.0
1555.8
1562.0
1565.6
1562.9
1573.1
1560.3
1557.9
1566.5
1564.0
1566.2
1570.9
1565.6
1573.0
1559.3
1581.5
1545.6
1566.8
1567.0
1559.0
1566.2
1559.5
1571.5
1577.5
1566.2
1571.0
1578.6
1579.7
1572.8
1564.2
1566.3
1568.5
1562.7
1550.2
1568.1
1589.3
1593.0
1598.4
1574.0
1567.5
1565.5
1566.8
1564.5
1558.4
1568.1
1571.2
1549.4
1566.0
1573.8
1588.7
1579.8
1560.7
1567.3
1562.0
1566.5
1617.7
1575.8
1573.7
1569.8
1570.0
1569.4
1575.4
1568.5
1565.1
1566.2
1571.8
1568.1
1567.8
1578.5
1560.2
1576.2
1565.4
1577.1
1564.9
1564.4
1565.0
1598.1
1576.5
1575.3
1561.7
1564.0
1562.2
1567.8
1552.6
1562.2
1561.2
1578.2
1564.5
1566.3
1568.6
1563.9
1565.3
1563.8
1556.1
1568.7
1563.8
1588.5
1568.8
1567.6
1561.4
1572.8
1581.2
1574.2
1569.4
1565.2
1562.4
1565.9
1572.5
1568.0
1568.5
1560.8
1576.0
1565.4
1573.2
1572.2
1575.0
1584.1
1568.9
1565.6
1553.8
1559.7
1560.0
1559.2
1562.9
1565.9
1562.6
1563.2
1571.6
1565.6
1558.5
1559.1
1562.5
1565.2
1557.3
1568.2
1564.8
1562.6
1583.5
1569.8
1563.5
1559.4
1566.2
1579.8
1553.9
1552.3
1575.4
1573.5
1578.3
1566.6
1567.2
1565.7
1565.8
1545.5
1565.9
1564.3
1566.8
1574.8
1606.2
1612.0
1587.9
1576.1
1564.7
1567.4
1565.5
1566.9
1562.7
1560.1
1557.4
1564.1
1559.5
1551.9
1565.0
1564.5
1568.4
1563.9
1566.0
1559.5
1579.5
1576.7
1564.4
1566.0
1560.6
1563.5
1561.2
1564.1
1564.5
1563.6
1565.0
1575.5
1599.4
1570.3
1604.3
1557.8
1572.7
1567.5
1561.3
1565.9
1571.0
1582.4
1565.8
1564.6
1566.7
1567.8
1563.0
1564.5
1561.3
1575.8
1570.8
1572.3
1562.8
1577.9
1580.4
1575.1
1563.4
1564.5
1566.6
1565.0
1570.8
1605.8
1565.9
1563.0
1598.9
1564.4
1558.2
1582.2
1577.6
1595.8
1583.7
1573.6
1556.0
1568.2
1571.0
1551.3
1560.1
1561.0
1596.7
1566.8
1588.8
1653.8
1572.0
1581.9
1609.0
1624.3
1573.6
1565.9
1575.0
1569.3
1581.8
1574.9
1559.7
1566.8
1578.3
1562.9
1562.5
1563.0
1565.6
1559.3
1565.5
1580.5
1576.8
1566.5
1564.2
1561.9
1568.4
1570.5
1566.1
1566.3
1570.0
1585.3
1571.8
1565.9
1564.0
1570.2
1573.3
1567.6
1564.4
1563.4
1569.0
1594.0
1577.0
1567.6
1602.7
1559.4
1549.9
1543.2
1575.2
1564.9
1567.4
1565.4
1549.5
1555.6
1563.7
1568.9
1567.1
1574.8
1555.5
1563.7
1562.4
1572.1
1592.4
1578.6
1574.9
1553.0
1569.8
1582.5
1549.0
1565.5
1569.8
1573.7
1574.3
1563.5
1564.8
1565.2
1576.0
1564.5
1569.2
1572.4
1597.0
1569.5
1585.3
1580.6
1570.4
1554.1
1563.0
1576.7
1560.5
1563.9
1571.0
1568.2
1578.4
1568.4
1551.1
1566.4
1571.0
1565.2
1563.2
1563.0
1562.7
1564.9
1588.4
1582.0
1579.0
1547.9
1516.0
1538.2
1565.8
1563.9
1562.1
1582.6
1565.9
1559.1
1576.2
1568.0
1575.4
1563.6
1579.0
1573.5
1584.1
1596.3
1594.8
1569.9
1571.5
1564.8
1575.9
1570.8
1565.0
1569.2
1575.6
1569.0
1560.4
1565.6
1566.2
1567.7
1574.6
1571.3
1568.3
1555.5
1553.2
1563.1
1569.2
1586.4
1567.3
1563.0
1565.5
1564.3
1560.2
1566.0
1562.2
1559.1
1566.8
1579.3
1572.6
1602.3
1563.3
1564.2
1587.4
1573.4
1567.2
1574.9
1576.2
1590.8
1591.3
1569.6
1574.3
1574.6
1563.9
1559.6
1568.5
1568.1
1580.5
1562.3
1566.2
1579.9
1561.9
1564.7
1560.2
1558.6
1564.8
1564.3
1565.2
1580.9
1567.4
1565.8
1563.2
1562.7
1569.2
1566.8
1557.4
1565.0
1559.8
1569.6
1552.6
1576.0
1562.6
1577.2
1574.6
1581.5
1564.3
1570.0
1575.0
1567.3
1559.9
1563.4
1561.0
1552.5
1574.2
1580.2
1559.9
1565.6
1561.3
1560.8
1564.2
1565.5
1579.2
1576.0
1566.0
1558.3
1561.2
1568.2
1559.9
1576.8
1592.5
1565.5
1561.4
1567.0
1561.2
1565.8
1572.9
1560.1
1557.7
1559.5
1572.2
1562.1
1565.1
1551.0
1559.6
1583.0
1569.3
1582.7
1570.1
1585.0
1606.3
1565.9
1563.5
1563.0
1565.8
1562.5
1559.8
1561.3
1569.2
1566.3
1576.7
1562.1
1563.0
1563.3
1564.2
1565.5
1567.5
1568.3
1548.4
1564.5
1592.0
1584.2
1563.0
1565.3
1564.0
1564.2
1551.5
1564.0
1564.0
1575.0
1575.3
1566.8
1565.6
1562.9
1553.9
1565.6
1569.7
1558.8
1565.5
1561.2
1593.8
1597.4
1565.1
1574.0
1572.7
1572.1
1565.2
1565.9
1562.0
1559.6
1569.2
1560.1
1562.8
1562.5
1595.9
1563.9
1569.5
1561.1
1564.9
1566.4
1572.5
1586.7
1567.6
1566.8
1563.5
1570.0
1566.8
1572.9
1568.2
1553.6
1569.6
1565.0
1565.1
1556.5
1580.9
1596.5
1587.2
1574.4
1574.4
1569.2
1568.8
1588.8
1564.5
1564.0
1564.9
1573.0
1557.9
1564.5
1568.5
1575.2
1572.1
1576.9
1568.6
1577.9
1563.9
1567.9
1570.1
1604.5
1563.0
1564.9
1560.8
1568.4
1572.8
1578.7
1567.4
1568.1
1573.0
1569.0
1575.0
1564.9
1558.0
1563.1
1562.3
1576.5
1557.1
1570.8
1562.8
1567.4
1570.2
1592.3
1600.0
1662.5
1528.8
1562.5
1562.5
1568.7
1593.4
1539.9
1565.4
1562.8
1571.1
1598.0
1563.3
1566.5
1588.6
1539.7
1569.0
1568.3
1563.8
1580.5
1560.4
1605.0
1566.2
1569.5
1564.5
1575.6
1561.6
1578.5
1571.6
1567.0
1554.1
1570.2
1572.0
1570.6
1565.3
1569.0
1565.8
1567.1
1551.5
1565.1
1567.7
1572.4
1578.2
1567.1
1577.5
1576.4
1562.6
1572.9
1564.7
1563.6
1566.0
1571.4
1579.1
1570.1
1561.3
1570.5
1568.5
1578.3
1566.5
1564.0
1567.6
1591.8
1582.6
1568.2
1565.7
1558.3
1580.0
1565.1
1565.8
1566.4
1567.5
1570.8
1570.3
1566.3
1566.2
1566.5
1578.3
1569.7
1567.7
1569.2
1560.2
1563.4
1577.1
1590.8
1557.9
1565.8
1565.7
1562.5
1562.1
1560.4
1563.3
1578.0
1574.2
1562.2
1564.1
1568.2
1570.2
1558.5
1563.5
1561.5
1568.2
1550.7
1581.5
1581.7
1578.1
1565.2
1563.6
1564.7
1564.6
1559.7
1574.5
1567.4
1564.3
1562.0
1564.4
1574.5
1573.5
1561.1
1567.4
1545.7
1566.2
1558.5
1581.4
1584.5
1570.8
1576.0
1582.8
1551.0
1572.8
1552.6
1562.7
1567.8
1567.7
1582.5
1562.2
1563.5
1562.0
1566.1
1561.8
1562.5
1564.7
1568.4
1585.0
1569.5
1564.0
1566.2
1562.9
1563.1
1564.8
1563.7
1562.0
1558.3
1563.3
1568.2
1575.7
1562.6
1563.3
1575.7
1565.5
1565.5
1563.0
1558.0
1573.1
1574.5
1565.1
1559.1
1563.8
1575.0
1563.1
1578.2
1561.2
1562.4
1570.6
1575.3
1561.5
1566.8
1555.7
1574.7
1552.2
1565.1
1569.9
1569.1
1564.0
1596.9
1571.4
1574.1
1560.4
1563.7
1566.5
1576.8
1563.8
1564.3
1551.0
1573.5
1567.0
1567.2
1563.8
1567.6
1579.8
1577.2
1580.5
1573.2
1561.0
1582.8
1581.1
1561.5
1565.0
1558.7
1560.2
1552.5
1558.9
1572.0
1575.2
1565.8
1572.0
1576.3
1557.3
1552.5
1564.8
1562.6
1603.2
1582.6
1571.8
1579.9
1582.3
1556.8
1566.4
1561.6
1564.8
1561.5
1566.2
1562.6
1562.6
1569.3
1576.0
1569.4
1562.7
1562.8
1563.1
1566.5
1571.3
1577.0
1570.4
1580.1
1589.9
1615.7
1573.3
1572.3
1565.3
1575.6
1566.7
1566.8
1569.8
1563.8
1577.8
1560.5
1567.9
1570.2
1563.5
1569.0
1566.2
1563.8
1567.0
1555.1
1573.3
1565.2
1564.4
1560.9
1566.1
1555.7
1562.8
1568.2
1560.3
1568.8
1562.7
1582.0
1560.2
1577.9
1572.8
1587.1
1571.5
1566.4
1565.6
1564.0
1564.1
1584.8
1577.0
1564.5
1565.6
1556.3
1566.8
1553.2
1566.5
1565.5
1568.4
1594.2
1585.5
1563.0
1561.0
1568.2
1565.2
1565.8
1564.2
1557.6
1590.8
1565.0
1561.9
1578.9
1561.3
1584.7
1562.2
1566.1
1579.1
1558.9
1562.8
1570.7
1543.3
1574.8
1564.3
1570.9
1576.2
1590.1
1597.7
1601.2
1571.6
1623.8
1504.8
1509.9
