1775.4
1569.6
1599.2
1600.0
1593.8
1619.3
1618.8
1626.2
1566.5
1645.2
1623.8
1637.6
1623.7
1643.6
1593.5
1662.1
1699.5
1742.7
1778.7
1679.5
1749.5
1716.1
1845.7
2054.6
2024.3
2005.2
1900.6
1980.8
2031.4
2256.0
2259.2
2232.5
2265.0
2256.5
2462.0
2490.2
2467.5
2420.7
2498.0
2937.1
3112.1
3160.0
3153.2
3407.5
4172.0
3727.1
3677.8
4097.6
4350.8
4300.2
4351.9
5050.7
4395.8
4392.3
4339.6
4339.0
4317.3
4340.3
4336.8
4339.2
4365.7
4312.0
4310.0
4485.6
4962.8
4356.8
4326.6
4306.6
4304.0
4361.1
4372.7
4307.6
4305.7
4310.4
4372.4
4346.0
4393.2
4347.1
4315.5
4315.3
4304.4
4320.5
4395.5
4351.5
4335.0
4307.1
4303.9
4319.1
4429.2
4357.5
4376.1
4383.8
4367.9
4346.1
4335.5
4340.7
4348.8
4313.7
4366.8
4341.8
4330.7
4352.6
4380.2
4319.0
4324.7
4366.2
4306.8
4329.9
4321.6
4316.1
4303.0
4348.8
4268.8
4283.8
4350.5
4370.2
4312.9
4932.5
4388.2
4303.9
4338.5
4329.0
4299.3
4341.6
4314.3
4871.2
4465.4
4969.9
4368.7
4331.5
4323.9
4348.7
4363.7
4349.1
4306.4
4336.9
4348.0
4325.2
4293.6
4316.0
4394.0
4335.3
4322.8
4344.0
4314.5
4494.0
4914.8
4330.3
4367.8
4360.7
4333.5
4344.8
4833.0
4356.1
4374.8
4359.8
4350.0
4278.2
4434.4
4411.0
4948.5
4337.6
4271.3
4296.0
4397.4
4361.6
4310.8
4338.2
4311.2
4315.9
4349.0
4309.8
4356.9
4332.6
4302.8
4320.6
4270.6
4453.9
4374.4
4307.0
4342.4
4322.1
4309.2
4350.1
4364.7
4344.7
4324.8
4360.2
4367.1
4396.0
4884.1
4322.4
4335.6
4317.5
4338.6
4327.9
4326.8
4314.7
4295.2
4328.9
4286.8
4345.5
4383.2
4356.0
4328.8
4374.5
4332.0
4321.3
4372.2
4953.2
4357.3
4380.1
4332.8
4294.1
4317.0
4321.4
4324.8
4335.2
4405.8
4326.5
4307.2
4343.1
4327.0
4341.5
4336.9
4352.0
4375.1
4352.6
4370.5
4310.5
4342.8
4317.4
4864.8
4318.2
4320.3
4330.6
4315.8
4302.6
4293.0
4325.1
4347.9
4377.4
4322.5
4354.5
4315.4
4307.5
4313.2
4325.6
4334.4
4340.6
4317.7
4315.4
4326.0
4396.8
4365.3
4347.7
4308.6
4310.7
4301.1
4557.5
4968.3
4342.8
5030.7
4356.2
4355.9
4418.4
4394.5
4368.6
4372.5
4341.4
4321.6
4341.1
4434.6
4330.4
4339.8
4332.3
4334.0
4339.4
4415.3
4955.0
4379.6
4340.8
4338.9
4309.1
4353.3
4316.5
4353.7
4318.6
4309.5
4297.5
4326.9
5046.8
4345.5
4326.6
4359.1
4403.6
4369.7
4334.9
4358.8
4321.8
4307.7
4323.7
4333.0
4456.1
3784.6
4330.3
4317.2
4312.1
4292.8
4309.8
4396.8
4313.6
4309.0
4327.5
4347.5
4290.2
4341.0
4365.9
4356.6
4355.0
4338.1
4306.8
4340.8
4368.8
4313.2
3715.0
4369.4
4341.0
4333.5
4350.2
4351.8
4317.1
4360.0
4306.0
4314.5
4334.3
4346.5
4337.4
4326.4
4328.7
4311.5
4902.8
4329.4
4339.3
4917.7
4312.3
4292.7
4317.9
4347.3
4331.7
4322.5
4332.2
4382.2
4332.6
5001.2
4348.2
4318.2
4307.0
4306.8
4326.7
4398.9
4364.4
4330.0
4310.4
4318.9
4309.8
4236.5
4386.6
4327.8
4305.0
4339.1
4315.0
4311.4
4381.6
4360.5
4318.5
4376.2
4371.5
4325.5
4420.9
4907.0
4340.5
4369.4
4376.6
4322.1
4314.0
4972.9
4347.7
4381.2
4334.6
4309.5
4316.8
4368.1
4296.9
4303.0
4341.4
4313.1
4307.1
4324.6
4335.2
4308.0
4343.7
4299.6
4365.7
4399.6
5032.5
4357.5
4373.5
4330.8
4316.9
4314.0
4310.6
4325.7
4299.5
4844.7
4318.8
4311.1
4325.2
4371.8
4371.7
4334.9
4324.9
4328.2
4338.3
4360.8
4307.0
4315.9
4285.0
4362.5
4392.6
4421.7
4366.2
4322.2
4358.5
4304.2
4315.5
4391.6
4364.2
4312.0
4314.0
4359.6
4324.7
4431.8
4381.5
4332.8
4310.5
4309.9
4342.2
4293.1
4345.3
4374.3
4328.7
4331.1
4340.4
4325.6
4333.5
4326.3
4304.8
4343.0
4682.7
4310.8
4315.7
4342.1
4319.8
4949.0
4347.9
4316.5
4238.9
4313.2
4388.0
4325.8
4308.2
4312.2
4321.2
4331.3
4331.5
4323.8
4301.4
4370.2
4297.3
4320.6
4428.7
4294.6
4316.2
4298.8
4296.7
4288.4
4407.4
4344.7
4346.1
4360.6
4345.0
4297.8
4401.4
4391.8
4326.6
4370.3
4364.2
4324.0
4321.2
4361.2
4336.0
4322.5
4315.2
4301.9
4947.6
4464.9
4397.0
4330.3
4312.3
4302.6
4302.0
4370.9
4339.4
4329.1
4317.9
4307.3
4306.0
4326.3
4436.9
4346.0
4332.8
4313.6
4307.3
4296.2
4881.7
4332.4
4310.8
4349.9
4311.9
4261.9
4352.5
4368.2
4304.8
4361.1
4337.0
4309.0
4328.2
4422.0
4322.7
4314.5
4320.0
4320.0
4292.3
4328.3
4367.8
4355.0
4329.5
4308.0
4316.8
4393.2
4367.5
4313.5
4328.1
4324.4
4297.5
4986.2
4453.2
4327.8
4327.0
4333.6
4357.5
4339.2
4369.1
4331.2
4300.0
4315.0
4316.4
4345.9
4374.8
4312.8
4301.1
4282.6
4302.1
4310.2
4906.2
4432.2
4322.8
4299.9
4304.1
4293.4
4300.4
4363.1
4339.6
4320.6
4384.7
4359.6
4323.8
4378.4
4338.9
4323.3
4338.5
4332.1
4300.0
4290.2
4471.1
4332.5
4315.2
4326.0
4321.6
4302.8
4362.3
4337.4
4332.8
4370.9
4347.0
4316.8
4371.5
4329.6
4340.1
4939.4
4308.7
4313.5
4356.8
4447.0
4315.9
4825.1
4334.3
4368.9
4277.8
4370.6
4321.5
4314.6
4304.0
4288.9
4929.5
4376.3
4331.7
4295.0
4335.5
4308.8
4329.4
4334.0
5026.0
4320.2
4344.0
4300.7
4294.9
4291.2
4350.8
4323.9
4326.5
4305.5
4338.9
4345.6
4364.2
4330.5
4310.6
4333.8
4321.7
4304.6
4340.2
4381.0
4318.7
4360.6
4323.2
4342.3
4350.1
4476.7
4368.4
4342.5
4366.9
4362.0
4316.6
4533.5
4873.8
4349.0
4971.1
4342.0
4956.5
4475.5
4338.3
4348.1
4325.5
4357.4
4319.0
4377.5
4360.5
4317.2
4294.0
4238.8
4161.7
4128.8
4309.9
4441.9
4351.5
4342.2
4318.1
4357.6
4365.8
4347.0
4313.6
4265.3
4308.4
4310.9
4284.2
4356.8
4332.4
4347.5
4330.1
4298.9
4333.5
4365.0
4354.1
4312.1
4320.3
4318.0
4321.5
4412.5
4381.8
4342.4
4363.0
4338.0
4337.0
4311.5
4327.8
4362.7
4308.0
4340.4
4315.2
4332.7
4401.6
4281.2
4320.7
4336.0
4326.1
4322.8
4356.8
4397.0
4321.8
4337.5
4368.4
4303.0
4380.2
3736.8
4361.7
4338.1
4330.2
4331.9
4313.0
4344.0
4360.8
4303.6
4309.5
4300.1
4294.8
4351.7
4751.9
4353.4
4338.6
4335.0
4299.3
4303.3
4355.8
4331.6
4351.2
4305.9
4337.9
4351.4
4334.6
4355.0
4326.0
4328.7
4325.6
4309.0
4313.4
4332.8
4321.9
4291.7
3700.7
4311.0
4295.3
4406.7
4365.2
4323.7
4397.2
4340.1
4319.1
4304.5
4359.0
4341.5
4344.1
4919.6
4311.8
4360.1
4378.2
4344.4
4329.3
4342.3
4325.1
4318.8
4341.8
4334.9
4345.5
4306.2
4320.2
4322.2
4284.5
4384.9
4362.3
4352.3
3695.0
4321.4
4353.3
4503.7
4396.5
4359.2
4363.6
4344.1
4363.3
4369.7
4417.7
4330.4
4323.5
4337.7
4343.8
4348.2
4339.0
4321.3
4304.8
4894.4
4349.1
4333.4
4386.4
4376.4
4311.5
4303.3
4310.7
4324.0
4339.0
4326.6
4827.1
4309.1
4320.4
4292.0
4305.6
4303.5
4325.2
4316.2
4347.1
4303.5
4329.2
4369.2
4309.1
4309.8
4337.2
4334.0
4329.7
4349.2
4388.5
4942.8
4338.1
4316.7
4336.5
4302.4
4414.8
4313.0
4316.2
4343.3
4312.1
4305.0
4360.2
4385.5
4310.2
4310.3
4362.0
4332.8
4353.0
4329.6
4943.4
4306.8
4359.0
4280.5
4333.6
4436.8
4312.2
4338.0
4318.5
4303.5
4320.7
4869.7
4329.5
4321.0
4320.1
4290.3
4279.3
4510.0
4942.9
4342.0
4328.6
4295.8
4296.3
4356.2
4351.1
4319.5
4327.8
4338.3
4311.0
4315.8
4492.0
4344.3
4388.3
4350.7
4337.8
4302.2
4361.5
4359.2
4303.8
4317.3
4310.6
4355.8
4331.1
4988.8
4326.2
4303.5
4319.2
4306.4
4313.8
4359.9
4376.8
4336.6
4303.8
4318.4
4320.4
4329.8
4383.1
4356.0
4337.4
4322.3
4299.1
4314.1
4375.9
4315.4
4359.7
4330.4
4314.2
4298.2
4391.8
4335.0
4311.1
4299.2
4302.2
4303.0
4358.7
4315.9
4371.3
4375.1
4341.8
4311.5
4304.0
4402.2
4373.8
4943.4
4346.5
4331.2
4321.3
4366.2
4352.6
4325.5
4337.5
4289.6
4297.8
4337.0
4333.1
4325.8
4333.0
4322.5
4326.9
4334.5
4416.3
4323.7
4317.2
4303.8
4318.6
4308.5
4398.0
4356.7
4331.8
4319.8
4305.9
4290.2
4327.3
4355.0
4339.1
4383.4
4352.8
4289.8
4319.5
4352.1
5092.1
4338.0
4309.4
4289.1
4290.4
4338.7
4342.2
4353.0
4329.0
4317.3
4359.1
4393.0
4390.5
4353.4
4327.4
4355.3
4325.9
4329.2
4343.5
4323.8
4356.3
4312.1
4321.8
4285.5
4332.5
4397.7
4368.4
4348.0
4304.3
4879.8
4375.8
4337.6
4324.6
4316.3
4334.5
4314.2
4314.8
4296.6
4375.9
4355.5
4334.7
4319.8
4309.8
4444.9
4389.0
4328.0
4315.0
4339.8
4329.4
4357.6
4374.0
4341.8
4310.1
3701.7
4303.7
4318.1
4349.0
4331.3
4324.7
4350.8
4311.8
4312.3
4404.4
3757.3
4321.4
4349.9
4310.5
4293.3
4972.2
5068.6
4444.8
4442.4
4407.7
4374.5
4349.0
4512.7
4455.6
4347.3
4355.3
4343.5
4336.1
4410.9
4377.4
4368.0
4384.8
4370.2
4359.2
4415.8
4453.6
4338.8
4342.4
4338.8
4365.6
4345.6
4388.5
4368.1
4339.7
4397.7
4337.5
4400.9
4535.0
4402.4
4378.4
4377.8
4317.3
4362.6
4429.3
4409.7
4329.2
4329.9
4350.3
4340.3
4341.6
5034.6
4352.3
4312.5
4327.7
4327.8
4330.4
4370.1
4354.2
4317.6
4311.4
4306.5
4323.6
4810.8
4376.2
4948.9
4325.0
4308.2
4323.7
4350.5
4335.2
4294.9
4301.5
4341.4
4297.3
4322.3
4379.8
4846.1
4330.8
4313.8
4320.1
4328.5
4354.9
4335.7
4339.5
4324.1
4315.2
4309.1
4342.6
4345.2
4313.9
4317.2
4332.6
4313.6
4308.6
4930.6
4350.5
4298.7
4338.8
4333.1
4359.0
4372.3
4357.3
4320.8
4311.4
4314.8
4357.2
4339.4
4934.5
4331.8
4327.5
4333.5
4301.0
4285.7
4406.7
4343.4
4340.4
4322.5
4311.1
4291.6
4360.5
4334.5
4341.5
4312.8
4300.9
4291.0
4376.7
4325.8
4285.7
4370.4
4347.3
4326.7
4295.1
4326.5
4360.2
4327.7
4302.1
4280.1
4374.2
4378.3
4365.2
4333.5
4321.5
4309.0
4296.7
4313.7
4340.9
4328.5
4939.8
4332.2
4318.2
4336.8
4305.0
4314.3
4305.9
4354.2
4353.8
4294.0
4329.4
4330.1
4307.6
4299.8
4315.4
4328.8
4338.4
4343.5
4339.2
4343.1
4317.8
4303.4
4297.8
4337.9
4338.3
4298.0
4309.2
4327.7
4330.1
4356.5
4374.3
4339.5
4306.9
4309.2
4310.8
4342.5
4385.9
5044.1
4362.4
4345.9
4318.2
4323.8
4429.6
4362.8
4347.0
4310.2
4895.2
4318.9
4349.8
4347.4
4357.0
4402.0
4335.1
4319.3
4392.0
4344.5
4300.2
4323.7
4342.4
4323.9
4348.9
4341.6
4341.7
4307.9
4342.9
4285.5
4339.0
4374.3
4329.9
4339.7
4355.9
4364.6
4393.5
4370.2
4278.7
4195.0
4160.5
4126.6
4097.2
4094.4
4385.8
3505.4
4119.3
4145.9
4138.8
4076.9
4130.2
4190.9
4181.5
4172.2
4122.0
4155.3
4107.2
4205.8
4192.8
4206.8
4128.0
4104.7
4112.8
4098.6
4284.3
4185.2
4102.9
4444.9
4189.8
4293.2
4413.3
4448.5
4407.2
4342.2
4324.2
4347.0
4380.4
4341.6
4335.0
4330.5
5002.6
3675.1
4330.9
4343.1
4347.2
5014.1
4349.6
4345.3
4354.8
4372.9
4336.9
4299.6
4302.4
4293.6
4257.0
4362.8
4352.4
4336.5
4318.8
4295.5
4315.3
4322.9
4344.7
4312.7
4358.0
4330.5
4306.5
4326.0
4345.0
4353.2
4365.9
4370.3
4354.0
4338.2
4346.9
4350.1
4312.0
4296.2
4285.6
4371.1
4328.7
4352.6
4338.5
4294.0
4297.7
4334.3
4343.5
4326.8
4319.3
4322.2
4349.3
4352.9
4315.6
4819.8
4379.9
4342.3
4366.0
4995.2
4310.0
4300.5
4403.2
4399.9
4407.8
4394.9
4342.1
4340.9
4454.5
3619.9
3634.6
4339.5
4324.8
4318.4
4340.8
4347.8
4338.5
4341.5
4329.5
4356.4
4292.4
4351.8
4360.0
4345.4
4313.9
3668.2
4349.1
4307.4
4344.8
4331.5
4306.7
4300.0
4316.1
4323.7
4391.0
3805.6
4307.2
4342.7
4310.5
4296.6
4310.6
4339.0
4332.2
4309.2
4317.3
4335.2
4315.4
4419.5
4391.9
4340.6
4357.7
4325.5
4324.8
4335.9
4336.2
4300.3
4308.6
4339.7
4322.3
4345.2
4422.0
4367.2
4338.8
4328.2
4313.3
4326.2
4346.3
4331.5
4323.8
4336.5
4324.5
4297.9
4427.3
4927.5
4981.0
4345.8
4358.4
4313.0
4323.8
4466.1
4338.6
4309.0
4298.0
4310.4
4292.7
4828.3
4393.9
4331.8
4378.7
4357.6
4330.6
4371.1
4336.9
4340.8
4329.0
4341.3
4276.3
4346.8
4985.1
4340.8
4313.1
4325.2
4305.7
4304.8
4334.5
4335.1
4318.2
4341.4
4299.6
4296.4
4310.1
4379.7
4352.4
4329.9
4303.0
4294.9
4320.8
4367.5
4349.8
4344.2
4329.2
4349.2
4340.7
4346.5
4397.7
4316.8
4344.6
4326.7
4322.0
4335.0
4355.0
4912.1
4329.0
4339.7
4357.0
4354.8
4973.6
4333.1
4321.7
4301.6
4313.3
4311.0
4334.2
4354.8
4294.1
4324.7
4307.0
4300.5
4353.2
4409.8
4375.9
4335.3
4324.7
4312.3
4318.7
4419.8
4333.0
4347.2
4304.8
4315.4
4336.4
4344.8
4376.3
4325.1
4349.2
4326.8
4297.1
4368.0
4351.0
4301.0
4299.5
4280.7
4293.4
4337.9
4355.0
4329.5
4311.0
4335.1
4329.9
4312.6
4341.0
4325.9
4333.8
4316.3
4307.6
4316.0
4377.4
4345.4
4368.4
4321.4
4315.8
4317.9
4349.0
4332.0
4350.3
4323.2
4306.2
4344.0
4328.3
4391.8
4378.7
4347.6
4325.7
4347.2
4295.9
4361.7
4382.2
4298.5
4291.4
4379.9
4235.3
4304.5
4404.9
4370.2
4913.5
4329.4
4813.7
4344.4
4336.9
4324.1
4316.4
4341.5
4318.8
4350.1
4371.9
4379.8
4837.2
4309.2
4332.0
4313.5
4330.7
4403.2
4321.8
4316.2
4335.8
4302.6
4320.0
4377.0
4820.5
4353.5
4344.6
4309.7
4299.2
4325.4
4335.6
4313.2
4297.5
4290.0
4321.2
4336.0
4330.3
4355.2
4334.5
4323.7
4321.9
4327.7
4335.8
4328.1
4293.5
4349.8
4338.0
4300.8
4375.4
4873.9
4334.6
4332.3
4362.7
4300.8
4321.2
4332.3
4310.7
4306.2
4309.1
4307.8
4300.6
4891.4
4349.7
4317.8
4317.1
4324.8
4293.5
4394.3
4347.7
4312.0
4326.6
4321.2
4314.6
4301.2
4414.9
4352.8
4337.2
4325.7
4312.2
4319.4
4352.8
4334.3
4323.6
4325.4
4350.3
4271.0
4339.0
4359.8
4326.9
4347.1
4336.8
4308.4
4302.3
4337.2
4337.8
4313.0
4312.3
4315.8
4334.5
4432.3
4398.1
4347.4
4312.8
4312.3
4295.7
4317.4
4415.8
4311.4
4325.8
4358.2
4319.4
4310.9
4352.3
4379.9
4346.2
4327.8
4312.5
4321.5
4370.8
4323.5
4324.2
4346.2
4361.5
4275.8
4306.7
4327.5
4352.7
4310.1
4305.3
4328.2
4306.7
4343.7
4348.2
4324.1
4310.4
4308.5
4300.0
4805.5
4325.3
4315.8
4305.5
4359.8
4322.6
4303.0
4344.7
4338.5
4299.5
4291.3
4315.0
4324.4
4358.1
4404.5
4319.9
4324.1
4333.3
4321.5
4318.3
4403.4
4380.7
4326.6
4338.3
4327.8
4259.8
4397.5
4345.8
4363.8
4335.2
4328.8
4293.5
4350.7
4326.8
4312.7
4353.7
4326.6
4308.8
4323.7
4490.1
4319.9
4331.1
4332.8
4307.6
4291.8
4845.5
4322.9
4301.3
4300.6
4313.0
4339.0
4364.7
4361.4
4335.5
4345.7
4305.2
4333.5
4336.3
4435.0
4336.2
4326.1
4316.7
4317.6
4453.9
4474.5
4360.5
4317.7
4336.0
4325.0
4292.8
4372.3
4409.7
4517.7
4403.2
4252.5
4211.2
4243.1
4374.6
3711.5
3408.4
3139.2
4386.1
4351.5
4337.2
4447.8
4316.8
4339.9
4309.0
4350.1
4364.0
4340.9
4408.8
4311.3
4355.3
4315.6
4317.0
4374.5
4327.5
4301.4
4304.3
4317.5
4874.6
4345.4
4378.5
4358.7
4362.2
4393.2
4309.5
4313.9
4325.2
4319.5
4302.6
4324.6
4351.3
4364.0
4377.6
4351.1
4307.7
4313.8
4362.2
4311.1
4325.5
4369.4
4329.7
4325.6
4349.7
4929.2
4294.2
4419.8
4367.3
4323.1
4316.2
4328.9
4344.1
4348.3
4998.8
4312.4
4394.1
4325.8
4296.1
4356.0
4355.2
4317.2
4329.9
4351.5
4379.5
4347.4
4350.8
4363.7
4353.6
4327.0
4351.2
4287.4
4379.1
4354.0
4319.3
4358.5
4318.5
4344.0
4330.2
4324.3
4306.2
4324.6
4341.5
4354.5
4317.5
4339.8
4393.2
4308.2
4305.9
4318.1
4309.3
4392.1
4341.5
4319.5
4344.1
4318.2
4330.5
4338.6
4377.5
4313.8
4324.1
4303.8
4310.4
4305.3
4391.3
4327.2
4323.6
4337.6
4282.5
4325.4
4343.8
4372.4
4356.4
4355.9
4315.0
4334.8
4352.4
4378.5
4325.0
4315.5
4323.5
4954.0
4311.0
4411.2
4373.4
4352.5
4333.7
4309.2
4299.7
4333.4
4334.7
4309.8
4309.8
4327.0
4336.4
4298.7
4400.2
4415.8
4348.8
4344.0
4331.1
4289.4
4919.0
4333.9
4308.9
4318.0
4312.1
4281.1
5012.8
4370.2
4315.5
4330.0
4299.0
4297.8
4315.9
4353.1
4307.9
4329.5
4313.2
4296.4
4288.0
4410.5
4365.2
4336.4
4309.5
4308.0
4311.2
4377.7
4328.5
4415.2
4513.7
4943.3
4282.0
4384.5
5021.1
4350.9
4399.3
4373.5
4370.7
4329.0
4361.9
4347.7
4320.3
4878.2
4324.2
4342.4
4795.2
4310.1
4353.0
4316.9
4331.9
4319.0
4335.8
4335.0
4314.2
4300.8
4331.2
4340.8
4313.3
4466.1
4316.2
4341.2
4316.4
4310.5
4293.2
4330.7
4351.2
4299.6
4301.9
4337.0
4349.0
4362.4
4406.7
4969.7
4328.7
4342.0
4318.0
4335.9
4313.2
4305.8
4350.2
4337.7
4302.1
4306.7
4421.5
4415.5
4338.8
4348.4
4324.2
4301.2
4395.5
4408.2
4847.2
4331.8
4892.6
4269.9
4950.2
4353.6
4344.8
4318.9
4307.0
4328.8
4318.6
4349.7
4318.4
4304.5
4293.4
4295.2
4342.2
4387.0
4818.1
4367.8
4333.5
4309.2
4316.1
4365.8
4382.4
4379.7
4338.8
4260.4
4294.7
4354.5
4383.8
4345.5
4386.5
4317.3
3684.6
4323.6
4350.5
4354.2
4304.7
4321.8
4309.6
4289.4
4291.9
4386.3
4373.0
3738.2
4321.9
4362.9
4328.6
4358.7
4349.8
4325.3
4389.3
4358.5
4330.2
4361.4
4384.1
4282.4
4409.1
4899.7
4349.8
4371.0
4438.8
4345.6
4339.1
4341.8
4262.2
4326.2
4401.5
4345.6
4942.7
4310.8
4327.2
4301.6
4325.2
4363.3
4308.5
4362.2
4329.7
4332.2
4281.0
4385.3
4333.4
4340.5
4307.5
4292.2
4293.6
4342.7
4347.4
4328.3
4828.1
4323.0
4318.6
4400.5
4308.2
4352.0
4323.8
4321.1
4298.2
4346.3
4425.3
4335.7
4338.5
4378.1
4394.1
3649.1
4393.2
4331.5
4320.3
4312.0
4336.3
4334.2
4331.8
4334.7
4331.2
4321.7
4314.0
4299.2
4347.1
4424.5
4399.2
4335.6
4308.2
4335.5
4333.4
4381.8
4314.0
4351.2
4318.0
4315.3
4297.1
4321.8
4403.2
4364.0
4863.2
4322.3
4314.0
4309.3
4317.2
4364.2
4311.5
4291.8
4307.7
4322.9
4356.0
4372.2
4307.2
4322.2
4324.2
4338.8
4322.8
4351.9
4304.7
4345.5
3701.0
4346.0
4732.1
4378.0
4368.3
4361.7
4409.8
4331.2
4325.1
4383.8
4348.2
4333.0
4362.8
4365.6
4311.0
4345.7
4526.6
4360.5
4309.2
4361.5
4330.8
4311.7
4351.0
4334.9
4319.2
4293.5
4311.7
4333.9
4345.8
4341.2
4329.4
