85
k1_c192_h1w128_L32 167.5 157.4 2.00 0.00
k1_c192_h1w128_L160 217.1 210.6 3.16 0.00
k1_c208_h1w128_L32 162.5 150.7 2.00 0.00
k1_c208_h1w128_L160 253.0 246.0 3.02 0.00
k1_c224_h1w128_L32 161.8 150.5 2.00 0.00
k1_c224_h1w128_L160 262.6 252.8 3.03 0.00
k1_c240_h1w128_L32 169.7 160.3 2.01 0.00
k1_c240_h1w128_L160 293.8 285.4 3.04 0.00
k1_c256_h1w128_L32 162.9 152.3 2.03 0.00
k1_c256_h1w128_L160 302.7 294.3 3.02 0.00
k1_c272_h1w128_L32 174.6 163.6 2.55 0.00
k1_c272_h1w128_L160 359.7 350.0 3.06 0.00
k1_c288_h1w128_L32 176.5 165.6 2.59 0.00
k1_c288_h1w128_L160 371.6 361.3 3.01 0.00
k1_c304_h1w128_L32 180.3 169.2 2.77 0.00
k1_c304_h1w128_L160 383.5 371.5 3.05 0.00
k1_c320_h1w128_L32 183.6 173.1 2.88 0.00
k1_c320_h1w128_L160 394.9 382.0 3.04 0.00
k1_c336_h1w128_L32 187.6 177.5 2.95 0.00
k1_c336_h1w128_L160 411.5 396.2 3.04 0.00
k1_c352_h1w128_L32 190.0 177.9 3.00 0.00
k1_c352_h1w128_L160 423.1 410.9 3.04 0.00
k1_c368_h1w128_L32 194.5 180.9 3.11 0.00
k1_c368_h1w128_L160 474.5 455.0 3.26 0.00
k1_c384_h1w128_L32 197.7 182.3 3.11 0.00
k1_c384_h1w128_L160 473.9 457.8 3.24 0.00
k1_c400_h1w128_L32 205.7 196.1 3.25 0.00
k1_c400_h1w128_L160 542.0 522.7 3.00 0.00
k1_c416_h1w128_L32 207.2 200.3 3.20 0.00
k1_c416_h1w128_L160 592.8 583.3 2.03 0.00
k1_c432_h1w128_L32 217.2 208.2 3.17 0.00
k1_c432_h1w128_L160 628.0 617.7 2.05 0.00
k1_c448_h1w128_L32 223.0 215.0 3.08 0.00
k1_c448_h1w128_L160 695.3 641.3 2.02 0.00
k1_c464_h1w128_L32 240.3 232.4 3.04 0.00
k1_c464_h1w128_L160 749.6 738.0 2.01 0.00
k1_c480_h1w128_L32 246.4 240.2 3.03 0.00
k1_c480_h1w128_L160 765.8 754.5 2.01 0.00
k1_c496_h1w128_L32 259.3 251.3 3.05 0.00
k1_c496_h1w128_L160 821.0 796.0 2.01 0.00
k1_c512_h1w128_L32 265.6 256.2 3.04 0.00
k1_c512_h1w128_L160 865.7 850.8 2.01 0.00
k1_c528_h1w128_L32 291.5 280.0 3.03 0.00
k1_c528_h1w128_L160 965.3 803.7 2.34 0.00
k1_c544_h1w128_L32 296.5 286.2 3.06 0.00
k1_c544_h1w128_L160 991.3 978.8 2.01 0.00
k1_c560_h1w128_L32 323.0 312.8 3.08 0.00
k1_c560_h1w128_L160 1011.5 999.7 2.01 0.00
k1_c576_h1w128_L32 304.3 294.6 3.05 0.00
k1_c576_h1w128_L160 1028.2 1017.5 2.01 0.00
k1_c592_h1w128_L32 311.0 300.8 3.05 0.00
k1_c592_h1w128_L160 1055.3 1045.7 2.01 0.00
k1_c608_h1w128_L32 314.2 305.2 3.04 0.00
k1_c608_h1w128_L160 1078.1 1065.1 2.01 0.00
k1_c624_h1w128_L32 324.6 314.7 3.06 0.00
k1_c624_h1w128_L160 1135.2 1121.8 2.01 0.00
k1_c640_h1w128_L32 355.1 347.5 3.09 0.00
k1_c640_h1w128_L160 1153.0 1140.6 2.02 0.00
k1_c656_h1w128_L32 337.7 327.5 3.05 0.00
k1_c656_h1w128_L160 1214.8 1203.0 2.02 0.00
k1_c672_h1w128_L32 342.5 335.1 3.03 0.00
k1_c672_h1w128_L160 1233.9 1224.1 2.03 0.00
k1_c688_h1w128_L32 363.1 350.5 3.07 0.00
k1_c688_h1w128_L160 1298.8 1285.7 2.01 0.00
k1_c704_h1w128_L32 367.8 357.5 3.04 0.00
k1_c704_h1w128_L160 1322.5 1309.9 2.01 0.00
k1_c720_h1w128_L32 387.6 374.6 3.04 0.00
k1_c720_h1w128_L160 1411.2 1398.8 2.01 0.00
k1_c736_h1w128_L32 391.5 383.8 3.07 0.00
k1_c736_h1w128_L160 1464.9 1458.5 2.01 0.00
k1_c752_h1w128_L32 401.2 394.1 3.07 0.00
k1_c752_h1w128_L160 1533.2 1516.8 2.02 0.00
k1_c768_h1w128_L32 411.6 404.6 3.07 0.00
k1_c768_h1w128_L160 1574.5 1566.5 2.01 0.00
k1_c784_h1w128_L32 431.7 420.8 3.10 0.00
k1_c784_h1w128_L160 1656.1 1647.1 2.08 0.00
k1_c800_h1w128_L32 438.4 429.0 3.07 0.00
k1_c800_h1w128_L160 1684.1 1677.5 2.01 0.00
k1_c816_h1w128_L32 440.9 432.9 3.00 0.00
k1_c816_h1w128_L160 1733.6 1727.2 2.01 0.00
k1_c832_h1w128_L32 458.5 452.4 3.01 0.00
k1_c832_h1w128_L160 1693.2 1615.7 3.01 0.00
k1_c848_h1w128_L32 472.6 462.4 3.00 0.00
k1_c848_h1w128_L160 1846.4 1839.2 2.01 0.00
k1_c864_h1w128_L32 491.0 474.9 2.99 0.00
k1_c864_h1w128_L160 1900.2 1893.6 2.01 0.00
k1_c880_h1w128_L32 507.6 501.1 2.98 0.00
k1_c880_h1w128_L160 1961.7 1953.8 2.03 0.00
k1_c896_h1w128_L32 535.7 514.6 2.96 0.00
k1_c896_h1w128_L160 2020.5 2011.7 2.03 0.00
k1_c912_h1w128_L32 583.0 576.4 2.01 0.00
k1_c912_h1w128_L160 2082.6 2075.5 2.01 0.00
k1_c928_h1w128_L32 594.7 588.1 2.01 0.00
k1_c928_h1w128_L160 2144.8 2136.8 2.01 0.00
k1_c944_h1w128_L32 609.8 601.9 2.01 0.00
k1_c944_h1w128_L160 2210.5 2202.5 2.01 0.00
k1_c960_h1w128_L32 621.6 614.8 2.01 0.00
k1_c960_h1w128_L160 2216.9 2119.6 2.63 0.00
k1_c976_h1w128_L32 635.7 625.7 2.01 0.00
k1_c976_h1w128_L160 2340.1 2331.8 2.04 0.00
k1_c992_h1w128_L32 704.0 646.9 2.01 0.00
k1_c992_h1w128_L160 2401.4 2392.5 2.01 0.00
k1_c1008_h1w128_L32 719.2 709.7 2.06 0.00
k1_c1008_h1w128_L160 2470.5 2462.9 2.01 0.00
k1_c1024_h1w128_L32 739.4 729.0 2.01 0.00
k1_c1024_h1w128_L160 2544.5 2536.1 2.01 0.00
