28
### 第 1 轮
k1_c512_h32w32_L16_u 409.9 401.7 3.11 3.09 
k1_c512_h32w32_L16 410.2 401.0 3.09 3.07 
k1_c512_h32w32_L20_u 539.5 529.7 2.00 2.00 
k1_c512_h32w32_L20 552.5 543.5 2.02 2.01 
k1_c512_h32w32_L24_u 654.9 646.8 2.00 2.00 
k1_c512_h32w32_L24 669.0 604.3 2.04 2.04 
k1_c512_h32w32_L26_u 684.9 676.0 2.00 2.00 
k1_c512_h32w32_L26 740.5 730.8 2.01 2.01 
k1_c512_h32w32_L28_u 753.8 744.6 2.00 2.00 
k1_c512_h32w32_L28 768.2 756.3 2.01 2.01 
k1_c512_h32w32_L30_u 780.6 771.8 2.00 2.00 
k1_c512_h32w32_L30 794.9 784.2 2.05 2.05 
k1_c512_h32w32_L32_u 904.6 894.1 2.00 2.00 
k1_c512_h32w32_L32 919.4 907.7 2.02 2.02 
k1_c512_h32w32_L34_u 2969.1 925.6 3.61 3.60 
k1_c512_h32w32_L34 948.9 938.8 2.00 2.00 
k1_c512_h32w32_L36_u 861.8 852.0 2.00 2.00 
k1_c512_h32w32_L36 874.9 863.8 2.03 2.03 
k1_c512_h32w32_L40_u 914.4 903.8 2.00 2.00 
k1_c512_h32w32_L40 931.1 919.0 2.02 2.02 
k1_c512_h32w32_L44_u 969.2 958.1 2.00 2.00 
k1_c512_h32w32_L44 985.0 973.5 2.02 2.01 
k1_c512_h32w32_L48_u 1022.5 1013.3 2.00 2.00 
k1_c512_h32w32_L48 1037.3 1027.4 2.08 2.07 
k1_c512_h32w32_L56_u 1122.2 1114.3 2.00 2.00 
k1_c512_h32w32_L56 1137.2 1127.9 2.04 2.03 
k1_c512_h32w32_L64_u 1230.1 1222.1 2.00 2.00 
k1_c512_h32w32_L64 1245.9 1234.6 2.06 2.06 
### 第 2 轮
k1_c512_h32w32_L16_u 409.1 400.5 3.08 3.04 
k1_c512_h32w32_L16 411.4 402.2 3.09 3.06 
k1_c512_h32w32_L20_u 540.0 530.0 2.00 2.00 
k1_c512_h32w32_L20 551.2 544.1 2.02 2.01 
k1_c512_h32w32_L24_u 653.5 595.3 2.00 2.00 
k1_c512_h32w32_L24 670.5 661.6 2.07 2.06 
k1_c512_h32w32_L26_u 682.2 674.5 2.00 2.00 
k1_c512_h32w32_L26 738.5 697.2 2.02 2.02 
k1_c512_h32w32_L28_u 753.7 744.9 2.00 2.00 
k1_c512_h32w32_L28 768.3 757.7 2.02 2.01 
k1_c512_h32w32_L30_u 781.0 771.3 2.00 2.00 
k1_c512_h32w32_L30 794.7 783.8 2.02 2.02 
k1_c512_h32w32_L32_u 912.0 900.3 2.03 2.03 
k1_c512_h32w32_L32 920.5 910.1 2.04 2.03 
k1_c512_h32w32_L34_u 934.3 925.0 2.03 2.03 
k1_c512_h32w32_L34 946.8 936.9 2.03 2.03 
k1_c512_h32w32_L36_u 861.1 851.4 2.00 2.00 
k1_c512_h32w32_L36 875.1 865.1 2.03 2.02 
k1_c512_h32w32_L40_u 914.3 904.6 2.00 2.00 
k1_c512_h32w32_L40 931.0 920.0 2.05 2.04 
k1_c512_h32w32_L44_u 968.0 960.1 2.00 2.00 
k1_c512_h32w32_L44 984.8 972.8 2.03 2.03 
k1_c512_h32w32_L48_u 1022.9 1015.2 2.00 2.00 
k1_c512_h32w32_L48 1036.5 1026.5 2.06 2.06 
k1_c512_h32w32_L56_u 1123.4 1116.2 2.00 2.00 
k1_c512_h32w32_L56 1137.5 1129.3 2.04 2.03 
k1_c512_h32w32_L64_u 1231.0 1222.9 2.00 2.00 
k1_c512_h32w32_L64 1246.7 1235.4 2.06 2.06 
