k1_c256_h8w16_L16 165.0 153.6 2.00 0.00
k1_c256_h8w16_L48 183.9 172.2 2.80 0.00
k3_c256_h8w16_L16 287.9 276.4 3.18 0.00
k3_c256_h8w16_L48 603.9 596.4 2.01 0.00
k5_c256_h8w16_L16 565.5 537.5 2.53 0.00
k5_c256_h8w16_L48 1359.8 1352.4 2.01 0.00
k7_c256_h8w16_L16 1003.5 972.2 2.02 0.00
k7_c256_h8w16_L48 2358.5 2351.0 2.01 0.00
k1_c512_h32w32_L1_u 192.3 173.7 2.63 2.77
k1_c512_h32w32_L4_u 241.9 216.7 3.43 3.46
k1_c512_h32w32_L8_u 340.2 308.0 3.37 3.56
k1_c512_h32w32_L16_u 409.5 399.7 3.13 3.21
k1_c512_h32w32_L32_u 900.0 890.5 2.01 2.01
k1_c512_h32w32_L48_u 1005.4 996.9 2.01 2.01
k1_c16_h1w128_L32 28.6 26.4 0.00 0.00
k1_c16_h1w128_L96 42.7 41.5 0.00 0.00
k1_c32_h1w128_L32 159.8 146.7 1.96 0.00
k1_c32_h1w128_L96 177.2 162.7 2.53 2.84
k1_c48_h1w128_L32 37.2 36.0 0.00 0.00
k1_c48_h1w128_L96 67.6 65.0 0.00 0.00
k1_c64_h1w128_L32 35.8 34.2 0.00 0.00
k1_c64_h1w128_L96 64.8 61.0 0.00 0.00
k1_c80_h1w128_L32 52.2 48.3 0.00 0.00
k1_c80_h1w128_L96 160.6 146.3 1.94 0.00
k1_c96_h1w128_L32 53.9 49.3 0.00 0.00
k1_c96_h1w128_L96 160.5 148.3 1.99 0.00
k1_c112_h1w128_L32 159.0 147.1 1.91 0.00
k1_c112_h1w128_L96 161.7 148.7 2.00 0.00
k1_c128_h1w128_L32 159.1 144.7 1.95 0.00
k1_c128_h1w128_L96 160.4 149.6 2.00 0.00
k1_c144_h1w128_L32 164.9 150.8 1.89 0.00
k1_c144_h1w128_L96 173.4 162.4 2.54 0.00
k1_c160_h1w128_L32 159.2 146.9 1.94 0.00
k1_c160_h1w128_L96 177.9 161.9 2.52 0.00
k1_c176_h1w128_L32 159.9 148.2 2.00 0.00
k1_c176_h1w128_L96 180.3 168.9 2.83 0.00
k1_c192_h1w128_L32 167.1 156.2 2.00 0.00
k1_c192_h1w128_L96 184.7 172.1 2.94 0.00
k1_c208_h1w128_L32 161.8 149.9 1.99 0.00
k1_c208_h1w128_L96 206.2 194.2 3.20 0.00
k1_c224_h1w128_L32 161.0 149.2 2.00 0.00
k1_c224_h1w128_L96 200.5 188.5 3.23 0.00
k1_c240_h1w128_L32 169.8 160.8 2.02 0.00
k1_c240_h1w128_L96 214.8 207.4 3.14 0.00
k1_c256_h1w128_L32 163.2 150.7 2.03 0.00
k1_c256_h1w128_L96 225.9 215.7 3.10 0.00
k1_c272_h1w128_L32 175.0 163.2 2.55 0.00
k1_c272_h1w128_L96 275.6 264.0 3.09 0.00
k1_c288_h1w128_L32 176.5 163.2 2.64 0.00
k1_c288_h1w128_L96 284.6 272.4 3.14 0.00
k1_c304_h1w128_L32 180.0 168.8 2.83 0.00
k1_c304_h1w128_L96 292.1 280.3 3.04 0.00
k1_c320_h1w128_L32 182.2 171.3 2.89 0.00
k1_c320_h1w128_L96 297.2 287.9 3.06 0.00
k1_c336_h1w128_L32 186.5 175.3 2.99 0.00
k1_c336_h1w128_L96 310.0 300.9 3.07 0.00
k1_c352_h1w128_L32 190.3 176.2 3.01 0.00
k1_c352_h1w128_L96 317.8 308.4 3.06 0.00
k1_c368_h1w128_L32 194.6 180.0 3.13 0.00
k1_c368_h1w128_L96 337.4 327.7 3.04 0.00
k1_c384_h1w128_L32 198.1 185.3 3.22 0.00
k1_c384_h1w128_L96 345.0 334.3 3.03 0.00
k1_c400_h1w128_L32 204.9 196.2 3.21 0.00
k1_c400_h1w128_L96 372.5 358.2 3.05 0.00
k1_c416_h1w128_L32 207.0 198.6 3.24 0.00
k1_c416_h1w128_L96 380.0 369.8 3.07 0.00
k1_c432_h1w128_L32 216.3 210.0 3.18 0.00
k1_c432_h1w128_L96 404.4 391.3 3.04 0.00
k1_c448_h1w128_L32 222.1 214.4 3.13 0.00
k1_c448_h1w128_L96 414.0 402.8 3.04 0.00
k1_c464_h1w128_L32 241.8 233.5 3.05 0.00
k1_c464_h1w128_L96 435.7 425.2 3.05 0.00
k1_c480_h1w128_L32 244.5 237.7 3.10 0.00
k1_c480_h1w128_L96 445.5 435.0 3.05 0.00
k1_c496_h1w128_L32 260.2 250.5 3.03 0.00
k1_c496_h1w128_L96 485.4 475.8 3.05 0.00
k1_c512_h1w128_L32 263.1 253.0 3.10 0.00
k1_c512_h1w128_L96 496.5 484.8 3.01 0.00
k1x1_512_h1w128_L16 217.8 202.1 3.04 0.00
k1x1_512_h1w128_L48 309.8 304.8 3.09 0.00
k1x1_512_h1w128_L128 715.0 670.5 2.01 0.00
k1x1_512_h1w128_L256 1175.2 1157.5 2.07 0.00
k1x1_512_h1w128_L384 1594.6 1588.3 2.00 0.00
k1x1_512_h1w256_L16 218.3 196.6 3.31 3.45
k1x1_512_h1w256_L48 382.8 360.4 3.34 3.50
k1x1_512_h1w256_L128 802.3 791.9 2.04 2.04
k1x1_512_h1w256_L256 1230.5 1219.0 2.08 2.08
k1x1_512_h1w256_L384 1667.4 1661.5 2.00 2.00
