k1_c256_h8w16_L16 297.4 170.3 2.02 0.00
k1_c256_h8w16_L48 391.7 307.2 3.05 0.00
k3_c256_h8w16_L16 491.8 359.0 3.27 0.00
k3_c256_h8w16_L48 688.4 596.2 2.42 0.00
k5_c256_h8w16_L16 698.3 571.0 2.47 0.00
k5_c256_h8w16_L48 1369.0 1353.0 2.15 0.00
k7_c256_h8w16_L16 1024.2 999.6 2.31 0.00
k7_c256_h8w16_L48 2363.5 2351.9 2.07 0.00
k1_c512_h32w32_L1_u 411.0 220.5 2.83 2.85
k1_c512_h32w32_L4_u 336.0 234.1 3.34 3.34
k1_c512_h32w32_L8_u 776.8 414.4 3.41 3.45
k1_c512_h32w32_L16_u 810.6 444.0 2.78 2.80
k1_c512_h32w32_L32_u 3165.0 2870.0 4.88 4.85
k1_c512_h32w32_L48_u 1014.5 999.5 2.30 2.32
k1_c16_h1w128_L32 58.0 46.6 0.00 0.00
k1_c16_h1w128_L96 91.2 80.2 0.00 0.00
k1_c32_h1w128_L32 262.5 159.8 1.96 0.00
k1_c32_h1w128_L96 297.9 187.3 2.72 2.79
k1_c48_h1w128_L32 79.0 63.5 0.00 0.00
k1_c48_h1w128_L96 128.4 98.7 0.00 0.00
k1_c64_h1w128_L32 84.2 66.3 0.00 0.00
k1_c64_h1w128_L96 125.0 93.5 0.00 0.00
k1_c80_h1w128_L32 112.2 89.5 0.00 0.00
k1_c80_h1w128_L96 282.3 161.9 1.98 0.00
k1_c96_h1w128_L32 108.1 81.9 0.00 0.00
k1_c96_h1w128_L96 299.4 174.6 2.02 0.00
k1_c112_h1w128_L32 282.8 164.0 1.91 0.00
k1_c112_h1w128_L96 315.4 164.9 2.18 0.00
k1_c128_h1w128_L32 289.0 165.5 1.84 0.00
k1_c128_h1w128_L96 297.2 166.0 2.31 0.00
k1_c144_h1w128_L32 308.4 165.7 1.93 0.00
k1_c144_h1w128_L96 327.1 226.5 2.51 0.00
k1_c160_h1w128_L32 283.7 169.4 1.97 0.00
k1_c160_h1w128_L96 328.4 206.2 2.77 0.00
k1_c176_h1w128_L32 295.6 169.1 2.01 0.00
k1_c176_h1w128_L96 350.2 247.2 3.20 0.00
k1_c192_h1w128_L32 326.0 175.1 2.09 0.00
k1_c192_h1w128_L96 504.0 386.8 3.14 0.00
k1_c208_h1w128_L32 316.9 166.8 2.12 0.00
k1_c208_h1w128_L96 547.7 462.6 3.22 0.00
k1_c224_h1w128_L32 290.8 158.8 2.28 0.00
k1_c224_h1w128_L96 382.1 204.5 3.35 0.00
k1_c240_h1w128_L32 412.6 246.6 2.40 0.00
k1_c240_h1w128_L96 537.9 486.5 3.32 0.00
k1_c256_h1w128_L32 310.4 166.7 2.42 0.00
k1_c256_h1w128_L96 538.1 451.8 3.44 0.00
k1_c272_h1w128_L32 359.5 214.5 2.74 0.00
k1_c272_h1w128_L96 631.2 505.0 3.78 0.00
k1_c288_h1w128_L32 443.7 372.1 3.03 0.00
k1_c288_h1w128_L96 652.5 539.3 3.78 0.00
k1_c304_h1w128_L32 357.2 228.2 3.05 0.00
k1_c304_h1w128_L96 673.4 479.5 3.70 0.00
k1_c320_h1w128_L32 363.0 226.5 3.17 0.00
k1_c320_h1w128_L96 707.3 472.1 3.59 0.00
k1_c336_h1w128_L32 375.5 247.0 3.19 0.00
k1_c336_h1w128_L96 774.3 499.2 3.44 0.00
k1_c352_h1w128_L32 349.8 202.7 3.26 0.00
k1_c352_h1w128_L96 806.3 480.3 3.27 0.00
k1_c368_h1w128_L32 388.1 246.2 3.34 0.00
k1_c368_h1w128_L96 777.6 464.9 3.37 0.00
k1_c384_h1w128_L32 391.0 230.3 3.38 0.00
k1_c384_h1w128_L96 801.9 451.8 3.34 0.00
k1_c400_h1w128_L32 441.7 394.1 3.65 0.00
k1_c400_h1w128_L96 836.8 505.6 3.23 0.00
k1_c416_h1w128_L32 457.2 398.4 3.73 0.00
k1_c416_h1w128_L96 766.5 470.5 3.33 0.00
k1_c432_h1w128_L32 542.5 337.0 3.43 0.00
k1_c432_h1w128_L96 782.2 410.3 3.13 0.00
k1_c448_h1w128_L32 533.6 414.6 3.50 0.00
k1_c448_h1w128_L96 832.9 439.2 3.20 0.00
k1_c464_h1w128_L32 554.8 527.3 3.88 0.00
k1_c464_h1w128_L96 884.9 459.4 3.04 0.00
k1_c480_h1w128_L32 566.0 495.1 3.80 0.00
k1_c480_h1w128_L96 812.0 459.0 2.96 0.00
k1_c496_h1w128_L32 604.2 489.0 3.78 0.00
k1_c496_h1w128_L96 881.2 499.5 2.82 0.00
k1_c512_h1w128_L32 627.5 472.2 3.75 0.00
k1_c512_h1w128_L96 912.5 549.3 2.68 0.00
