k1x1_c256_h8w32_L4 60.0 56.7 0.00 0.00 0.0
k1x1_c256_h8w32_L8 184.0 175.0 2.00 0.00 195.4
k1x1_c256_h8w32_L16 220.2 197.6 2.77 2.74 232.7
k1x1_c256_h8w32_L24 220.0 195.4 2.72 2.68 231.6
k1x2_c256_h8w32_L4 185.6 176.5 2.00 0.00 196.2
k1x2_c256_h8w32_L8 187.8 177.0 2.02 0.00 198.0
k1x2_c256_h8w32_L16 217.7 195.8 2.77 2.75 228.1
k1x2_c256_h8w32_L24 205.4 185.8 3.22 2.96 217.5
k1x3_c256_h8w32_L4 186.3 177.0 2.00 0.00 197.0
k1x3_c256_h8w32_L8 186.9 177.2 2.03 0.00 198.2
k1x3_c256_h8w32_L16 198.0 175.0 2.66 2.64 209.9
k1x3_c256_h8w32_L24 202.7 183.8 3.27 2.99 217.4
k1x4_c256_h8w32_L4 187.6 176.7 2.03 0.00 199.1
k1x4_c256_h8w32_L8 218.8 196.5 2.78 2.64 229.3
k1x4_c256_h8w32_L16 222.5 192.8 3.53 3.14 226.7
k1x4_c256_h8w32_L24 284.7 256.2 3.39 3.06 288.9
k1x5_c256_h8w32_L4 203.5 180.8 2.41 0.00 212.4
k1x5_c256_h8w32_L8 226.2 198.2 3.02 2.89 237.5
k1x5_c256_h8w32_L16 241.5 217.2 3.49 3.04 246.6
k1x5_c256_h8w32_L24 309.0 280.6 3.53 3.06 315.3
k1x6_c256_h8w32_L4 217.8 197.0 2.84 0.00 223.0
k1x6_c256_h8w32_L8 225.4 203.0 3.35 3.04 236.3
k1x6_c256_h8w32_L16 282.4 256.2 3.46 3.07 287.8
k1x6_c256_h8w32_L24 326.5 300.6 3.58 3.04 333.8
k1x7_c256_h8w32_L4 217.5 207.2 2.96 0.00 229.8
k1x7_c256_h8w32_L8 214.6 191.9 3.52 3.21 223.8
k1x7_c256_h8w32_L16 305.5 278.9 3.57 3.05 311.6
k1x7_c256_h8w32_L24 353.9 330.3 3.41 3.06 359.5
k1x8_c256_h8w32_L4 219.9 198.9 2.79 2.67 229.5
k1x8_c256_h8w32_L8 219.1 193.0 3.50 3.23 225.3
k1x8_c256_h8w32_L16 318.7 293.7 3.44 3.05 324.3
k1x8_c256_h8w32_L24 379.6 352.0 3.29 3.07 384.0
k1x9_c256_h8w32_L4 230.8 219.6 3.39 0.00 241.9
k1x9_c256_h8w32_L8 299.2 286.9 3.25 0.00 307.3
k1x9_c256_h8w32_L16 432.3 422.8 3.28 0.00 444.1
k1x9_c256_h8w32_L24 640.5 633.5 2.01 0.00 662.0
k1x10_c256_h8w32_L4 236.5 228.5 3.35 0.00 246.8
k1x10_c256_h8w32_L8 317.0 303.9 3.25 0.00 324.2
k1x10_c256_h8w32_L16 462.2 455.3 3.11 0.00 477.8
k1x10_c256_h8w32_L24 752.4 740.4 2.01 0.00 768.3
k1x11_c256_h8w32_L4 244.4 237.9 3.35 0.00 253.7
k1x11_c256_h8w32_L8 329.8 316.3 3.26 0.00 338.2
k1x11_c256_h8w32_L16 506.7 492.7 2.99 0.00 517.0
k1x11_c256_h8w32_L24 790.9 782.1 2.01 0.00 812.3
k1x12_c256_h8w32_L4 255.5 247.6 3.42 0.00 266.1
k1x12_c256_h8w32_L8 343.2 330.0 3.26 0.00 352.9
k1x12_c256_h8w32_L16 595.5 589.1 2.01 0.00 613.3
k1x12_c256_h8w32_L24 874.8 865.6 2.01 0.00 889.6
k1x13_c256_h8w32_L4 270.3 260.0 3.36 0.00 279.9
k1x13_c256_h8w32_L8 359.2 349.0 3.24 0.00 368.4
k1x13_c256_h8w32_L16 624.8 616.8 2.01 0.00 645.2
k1x13_c256_h8w32_L24 916.5 908.6 2.01 0.00 933.5
k1x14_c256_h8w32_L4 257.2 247.0 3.32 0.00 266.6
k1x14_c256_h8w32_L8 377.0 365.8 3.28 0.00 387.5
k1x14_c256_h8w32_L16 701.8 649.7 2.01 0.00 699.1
k1x14_c256_h8w32_L24 966.1 929.0 2.06 0.00 982.4
k1x15_c256_h8w32_L4 268.6 258.5 3.23 0.00 279.5
k1x15_c256_h8w32_L8 391.2 381.1 3.26 0.00 400.1
k1x15_c256_h8w32_L16 745.0 735.0 2.01 0.00 755.3
k1x15_c256_h8w32_L24 1006.3 997.0 2.01 0.00 1022.6
k3x1_c256_h8w32_L4 186.5 177.0 2.00 0.00 197.3
k3x1_c256_h8w32_L8 216.2 199.8 2.91 0.00 224.8
k3x1_c256_h8w32_L16 218.2 214.2 3.09 0.00 227.0
k3x1_c256_h8w32_L24 285.8 274.5 3.16 0.00 292.9
k5x1_c256_h8w32_L4 197.8 179.3 2.36 0.00 210.0
k5x1_c256_h8w32_L8 231.7 219.9 3.32 0.00 240.5
k5x1_c256_h8w32_L16 303.4 291.5 3.11 0.00 310.2
k5x1_c256_h8w32_L24 370.3 352.0 3.15 0.00 376.9
k7x1_c256_h8w32_L4 218.1 207.1 2.95 0.00 228.6
k7x1_c256_h8w32_L8 241.5 230.9 3.15 0.00 250.2
k7x1_c256_h8w32_L16 356.2 344.5 3.18 0.00 362.7
k7x1_c256_h8w32_L24 443.9 431.6 3.18 0.00 455.5
k9x1_c256_h8w32_L4 225.8 215.8 3.31 0.00 235.0
k9x1_c256_h8w32_L8 296.3 279.9 3.17 0.00 303.0
k9x1_c256_h8w32_L16 423.2 411.3 3.15 0.00 430.4
k9x1_c256_h8w32_L24 613.7 606.5 2.01 0.00 629.9
k11x1_c256_h8w32_L4 234.5 225.3 3.34 0.00 243.4
k11x1_c256_h8w32_L8 316.9 305.0 3.18 0.00 324.2
k11x1_c256_h8w32_L16 454.8 442.7 3.14 0.00 463.4
k11x1_c256_h8w32_L24 720.9 661.0 2.01 0.00 715.0
k13x1_c256_h8w32_L4 239.0 221.3 3.53 3.34 248.3
k13x1_c256_h8w32_L8 296.5 282.0 3.60 3.09 305.2
k13x1_c256_h8w32_L16 393.1 380.5 3.58 3.16 401.7
k13x1_c256_h8w32_L24 556.8 548.9 2.01 2.01 573.7
k15x1_c256_h8w32_L4 218.9 200.0 3.46 3.27 228.5
k15x1_c256_h8w32_L8 311.4 298.3 3.59 3.08 319.7
k15x1_c256_h8w32_L16 417.3 406.7 3.61 3.28 428.8
k15x1_c256_h8w32_L24 603.2 590.0 2.01 2.01 630.3
k3x3_c256_h8w32_L4 219.3 207.1 2.95 0.00 228.9
k3x3_c256_h8w32_L8 234.4 224.2 3.13 0.00 242.5
k3x3_c256_h8w32_L16 344.1 331.2 3.23 0.00 352.7
k3x3_c256_h8w32_L24 421.6 407.1 3.15 0.00 430.7
k5x5_c256_h8w32_L4 297.6 281.7 3.55 3.06 307.1
k5x5_c256_h8w32_L8 388.0 379.2 3.61 3.25 399.3
k5x5_c256_h8w32_L16 698.8 634.5 2.01 2.01 694.8
k5x5_c256_h8w32_L24 938.9 925.1 2.01 2.01 958.2
k1x1_c256_h16w32_L4 195.9 175.3 2.61 2.55 209.0
k1x1_c256_h16w32_L8 200.1 177.3 2.59 2.62 213.8
k1x1_c256_h16w32_L16 196.1 174.1 2.68 2.55 210.0
k1x1_c256_h16w32_L24 211.3 191.0 3.55 3.19 223.2
k1x2_c256_h16w32_L4 198.5 175.0 2.63 2.61 210.8
k1x2_c256_h16w32_L8 194.2 176.5 2.65 2.70 207.4
k1x2_c256_h16w32_L16 224.4 190.6 3.60 3.14 227.5
k1x2_c256_h16w32_L24 334.3 305.5 3.42 3.18 339.6
k1x3_c256_h16w32_L4 194.3 172.5 2.65 2.65 207.8
k1x3_c256_h16w32_L8 194.3 174.9 2.72 2.66 207.2
k1x3_c256_h16w32_L16 261.8 238.5 3.67 3.22 267.1
k1x3_c256_h16w32_L24 288.8 256.1 3.48 3.02 292.7
k1x4_c256_h16w32_L4 195.0 173.2 2.69 2.69 205.6
k1x4_c256_h16w32_L8 223.0 196.3 3.47 3.12 230.1
k1x4_c256_h16w32_L16 364.5 339.4 3.29 3.11 370.0
k1x4_c256_h16w32_L24 380.2 355.1 3.29 3.05 387.6
k1x5_c256_h16w32_L4 205.7 179.3 2.97 2.92 215.3
k1x5_c256_h16w32_L8 247.6 220.0 3.42 3.09 251.0
k1x5_c256_h16w32_L16 349.8 323.4 3.59 3.05 355.4
k1x5_c256_h16w32_L24 412.6 386.8 3.38 3.19 420.3
k1x6_c256_h16w32_L4 210.2 189.5 3.46 3.14 221.3
k1x6_c256_h16w32_L8 291.6 260.7 3.47 3.03 296.3
k1x6_c256_h16w32_L16 380.7 355.0 3.38 3.09 386.8
k1x6_c256_h16w32_L24 456.5 444.5 3.01 3.01 466.3
k1x7_c256_h16w32_L4 221.1 197.0 3.44 3.09 229.7
k1x7_c256_h16w32_L8 360.3 321.8 3.26 3.09 360.9
k1x7_c256_h16w32_L16 406.7 379.4 3.52 3.10 411.7
k1x7_c256_h16w32_L24 563.3 554.6 2.01 2.01 582.2
k1x8_c256_h16w32_L4 220.5 199.6 3.54 3.07 230.2
k1x8_c256_h16w32_L8 373.1 340.6 3.22 3.08 375.8
k1x8_c256_h16w32_L16 402.3 395.0 3.01 3.01 412.2
k1x8_c256_h16w32_L24 666.6 656.4 2.07 2.07 687.3
k1x9_c256_h16w32_L4 302.2 288.8 3.24 0.00 308.6
k1x9_c256_h16w32_L8 535.4 530.0 2.01 2.01 558.2
k1x9_c256_h16w32_L16 899.6 865.0 2.06 2.07 917.9
k1x9_c256_h16w32_L24 1165.7 1156.2 2.01 2.01 1188.7
k1x10_c256_h16w32_L4 352.5 327.2 3.30 3.04 359.7
k1x10_c256_h16w32_L8 559.9 551.0 2.01 2.01 580.2
k1x10_c256_h16w32_L16 961.3 951.0 2.01 2.01 981.3
k1x10_c256_h16w32_L24 1256.8 1246.8 2.01 2.01 1280.2
k1x11_c256_h16w32_L4 363.3 342.9 3.56 3.06 372.1
k1x11_c256_h16w32_L8 649.6 590.3 2.09 2.08 658.1
k1x11_c256_h16w32_L16 1016.7 1005.8 2.01 2.01 1034.9
k1x11_c256_h16w32_L24 1345.0 1333.2 2.03 2.03 1363.2
k1x12_c256_h16w32_L4 302.0 289.5 3.58 3.12 311.1
k1x12_c256_h16w32_L8 401.8 394.5 3.66 3.35 413.1
k1x12_c256_h16w32_L16 686.5 667.2 2.01 2.01 722.4
k1x12_c256_h16w32_L24 985.5 974.8 2.01 2.01 1002.8
k1x13_c256_h16w32_L4 307.3 295.7 3.63 3.30 316.5
k1x13_c256_h16w32_L8 412.0 399.3 3.64 3.54 426.0
k1x13_c256_h16w32_L16 819.5 807.4 2.01 2.01 834.9
k1x13_c256_h16w32_L24 1029.0 1020.6 2.01 2.01 1051.0
k1x14_c256_h16w32_L4 324.2 307.5 3.48 2.99 346.1
k1x14_c256_h16w32_L8 429.2 421.6 3.01 3.01 442.7
k1x14_c256_h16w32_L16 848.0 838.3 2.01 2.01 865.7
k1x14_c256_h16w32_L24 1075.5 1065.5 2.01 2.01 1093.9
k1x15_c256_h16w32_L4 417.7 395.4 3.33 3.20 429.0
k1x15_c256_h16w32_L8 809.2 799.5 2.01 2.01 826.7
k1x15_c256_h16w32_L16 1249.7 1240.1 2.01 2.01 1275.5
k1x15_c256_h16w32_L24 1693.8 1684.2 2.01 2.01 1724.2
k3x1_c256_h16w32_L4 202.2 180.8 2.68 2.62 212.1
k3x1_c256_h16w32_L8 219.6 204.0 3.47 3.15 228.9
k3x1_c256_h16w32_L16 356.6 344.2 3.42 3.16 366.2
k3x1_c256_h16w32_L24 382.5 366.4 3.36 3.08 392.6
k5x1_c256_h16w32_L4 216.0 198.8 3.43 3.19 226.4
k5x1_c256_h16w32_L8 294.4 281.5 3.60 3.22 303.6
k5x1_c256_h16w32_L16 389.7 380.1 3.58 3.20 398.6
k5x1_c256_h16w32_L24 477.2 468.0 2.99 2.99 489.5
k7x1_c256_h16w32_L4 242.1 229.5 3.51 3.08 252.5
k7x1_c256_h16w32_L8 375.3 365.2 3.35 3.20 388.2
k7x1_c256_h16w32_L16 440.8 431.1 3.02 3.02 450.4
k7x1_c256_h16w32_L24 685.3 618.1 2.01 2.01 680.2
k9x1_c256_h16w32_L4 275.9 262.8 3.38 3.10 283.8
k9x1_c256_h16w32_L8 401.4 394.0 3.53 3.09 411.2
k9x1_c256_h16w32_L16 602.6 588.6 2.01 2.01 631.3
k9x1_c256_h16w32_L24 865.8 853.4 2.01 2.01 879.2
k11x1_c256_h16w32_L4 286.5 273.8 3.56 3.17 296.3
k11x1_c256_h16w32_L8 376.9 363.9 3.58 3.10 387.8
k11x1_c256_h16w32_L16 680.3 624.3 2.01 2.01 689.1
k11x1_c256_h16w32_L24 904.3 891.3 2.01 2.01 920.2
k13x1_c256_h16w32_L4 304.5 292.5 3.63 3.11 314.6
k13x1_c256_h16w32_L8 398.9 389.8 3.62 3.15 409.0
k13x1_c256_h16w32_L16 639.0 619.1 2.01 2.06 667.6
k13x1_c256_h16w32_L24 930.0 917.6 2.01 2.01 942.1
k15x1_c256_h16w32_L4 319.5 308.7 3.57 3.10 329.2
k15x1_c256_h16w32_L8 423.3 407.7 3.58 3.24 432.4
k15x1_c256_h16w32_L16 754.5 744.1 2.01 2.01 768.2
k15x1_c256_h16w32_L24 1006.7 995.2 2.01 2.01 1020.3
k3x3_c256_h16w32_L4 225.6 204.2 3.51 3.21 234.9
k3x3_c256_h16w32_L8 382.3 368.4 3.39 3.18 392.8
k3x3_c256_h16w32_L16 560.4 550.4 2.01 2.01 580.3
k3x3_c256_h16w32_L24 811.5 799.1 2.01 2.01 828.3
k5x5_c256_h16w32_L4 398.4 389.1 3.62 3.22 408.1
k5x5_c256_h16w32_L8 542.7 527.8 3.01 3.01 552.1
k5x5_c256_h16w32_L16 1068.1 1057.0 2.01 2.01 1077.7
k5x5_c256_h16w32_L24 1402.0 1393.2 2.01 2.01 1415.5
k1x1_c256_h32w32_L4 200.7 175.9 2.61 2.54 213.4
k1x1_c256_h32w32_L8 203.3 178.7 2.77 2.64 215.6
k1x1_c256_h32w32_L16 232.3 209.2 3.46 3.06 239.7
k1x1_c256_h32w32_L24 304.5 276.2 3.49 3.03 308.6
k1x2_c256_h32w32_L4 196.1 177.2 2.68 2.64 209.1
k1x2_c256_h32w32_L8 227.9 197.0 3.54 3.07 232.9
k1x2_c256_h32w32_L16 326.3 300.1 3.44 3.06 331.4
k1x2_c256_h32w32_L24 383.1 354.5 3.39 3.05 388.0
k1x3_c256_h32w32_L4 198.2 177.2 2.77 2.67 209.5
k1x3_c256_h32w32_L8 225.5 200.5 3.54 3.07 234.1
k1x3_c256_h32w32_L16 328.1 301.2 3.38 3.08 333.3
k1x3_c256_h32w32_L24 478.0 447.5 3.11 3.16 481.0
k1x4_c256_h32w32_L4 223.8 199.7 3.52 3.13 234.3
k1x4_c256_h32w32_L8 327.9 299.0 3.42 3.04 333.6
k1x4_c256_h32w32_L16 416.2 400.8 3.04 3.04 428.5
k1x4_c256_h32w32_L24 669.0 658.7 2.09 2.09 687.0
k1x5_c256_h32w32_L4 263.8 236.7 3.49 3.02 269.0
k1x5_c256_h32w32_L8 362.4 333.6 3.40 3.10 367.0
k1x5_c256_h32w32_L16 550.9 472.4 2.19 2.19 554.9
k1x5_c256_h32w32_L24 791.3 780.9 2.03 2.02 804.7
k1x6_c256_h32w32_L4 305.4 277.9 3.45 3.08 311.1
k1x6_c256_h32w32_L8 390.4 362.4 3.41 3.11 394.9
k1x6_c256_h32w32_L16 669.6 659.6 2.07 2.08 691.1
k1x6_c256_h32w32_L24 870.4 859.8 2.02 2.02 883.7
k1x7_c256_h32w32_L4 320.0 292.2 3.50 3.04 325.1
k1x7_c256_h32w32_L8 402.1 376.5 3.71 3.56 409.8
k1x7_c256_h32w32_L16 765.8 755.2 2.02 2.02 778.6
k1x7_c256_h32w32_L24 953.8 941.6 2.06 2.05 977.8
k1x8_c256_h32w32_L4 333.9 311.9 3.40 3.07 340.6
k1x8_c256_h32w32_L8 401.4 391.2 3.17 3.17 414.5
k1x8_c256_h32w32_L16 816.0 799.6 2.03 2.03 832.8
k1x8_c256_h32w32_L24 1024.5 1011.4 2.06 2.06 1041.7
k1x9_c256_h32w32_L4 366.8 339.3 3.32 3.04 371.1
k1x9_c256_h32w32_L8 544.4 531.2 2.01 2.01 562.2
k1x9_c256_h32w32_L16 914.3 904.4 2.01 2.01 933.4
k1x9_c256_h32w32_L24 1176.2 1166.5 2.01 2.01 1196.3
k1x10_c256_h32w32_L4 382.4 354.5 3.45 3.07 389.1
k1x10_c256_h32w32_L8 572.2 563.1 2.01 2.01 603.3
k1x10_c256_h32w32_L16 974.1 964.8 2.01 2.01 990.1
k1x10_c256_h32w32_L24 1267.9 1257.5 2.01 2.01 1288.4
k1x11_c256_h32w32_L4 397.1 369.4 3.42 3.10 401.8
k1x11_c256_h32w32_L8 664.8 655.1 2.01 2.01 681.9
k1x11_c256_h32w32_L16 1026.8 1011.1 2.04 2.04 1038.1
k1x11_c256_h32w32_L24 1353.2 1343.9 2.01 2.01 1378.4
k1x12_c256_h32w32_L4 407.6 397.9 3.67 3.20 418.2
k1x12_c256_h32w32_L8 689.8 629.6 2.01 2.01 681.5
k1x12_c256_h32w32_L16 1099.5 1090.8 2.01 2.01 1111.9
k1x12_c256_h32w32_L24 1458.0 1449.8 2.01 2.01 1472.8
k1x13_c256_h32w32_L4 421.5 411.8 3.63 3.08 430.9
k1x13_c256_h32w32_L8 727.2 659.6 2.01 2.01 726.9
k1x13_c256_h32w32_L16 1153.4 1145.2 2.01 2.01 1165.0
k1x13_c256_h32w32_L24 1543.1 1532.7 2.01 2.01 1555.0
k1x14_c256_h32w32_L4 434.8 401.1 3.45 3.19 438.0
k1x14_c256_h32w32_L8 808.4 795.4 2.01 2.01 821.0
k1x14_c256_h32w32_L16 1209.1 1198.4 2.01 2.01 1221.5
k1x14_c256_h32w32_L24 1625.0 1615.6 2.01 2.01 1642.2
k1x15_c256_h32w32_L4 418.4 410.5 3.01 3.01 432.8
k1x15_c256_h32w32_L8 813.4 800.2 2.01 2.01 828.9
k1x15_c256_h32w32_L16 1258.4 1246.9 2.04 2.04 1271.0
k1x15_c256_h32w32_L24 1705.1 1692.2 2.03 2.03 1727.3
k3x1_c256_h32w32_L4 221.1 202.0 3.49 3.30 229.6
k3x1_c256_h32w32_L8 310.0 293.5 3.63 3.14 318.5
k3x1_c256_h32w32_L16 408.6 398.8 3.67 3.14 417.5
k3x1_c256_h32w32_L24 619.2 605.0 2.01 2.01 639.9
k5x1_c256_h32w32_L4 282.4 267.9 3.56 3.10 290.8
k5x1_c256_h32w32_L8 367.3 353.8 3.61 3.15 377.4
k5x1_c256_h32w32_L16 565.8 556.4 2.01 2.01 580.7
k5x1_c256_h32w32_L24 826.8 812.3 2.01 2.01 837.0
k7x1_c256_h32w32_L4 322.5 310.1 3.58 3.18 333.1
k7x1_c256_h32w32_L8 421.5 405.3 3.64 3.31 431.6
k7x1_c256_h32w32_L16 684.9 663.6 2.01 2.01 714.7
k7x1_c256_h32w32_L24 981.0 969.2 2.01 2.01 992.9
k9x1_c256_h32w32_L4 353.2 343.2 3.70 3.35 363.2
k9x1_c256_h32w32_L8 503.0 477.0 3.00 3.00 510.1
k9x1_c256_h32w32_L16 949.8 939.2 2.01 2.01 963.5
k9x1_c256_h32w32_L24 1182.4 1084.8 2.42 2.40 1181.5
k11x1_c256_h32w32_L4 386.5 371.5 3.51 3.06 394.8
k11x1_c256_h32w32_L8 504.1 492.6 3.00 3.00 517.6
k11x1_c256_h32w32_L16 995.9 986.6 2.01 2.01 1009.1
k11x1_c256_h32w32_L24 1301.2 1289.1 2.01 2.01 1314.1
k13x1_c256_h32w32_L4 411.6 397.8 3.56 3.19 420.9
k13x1_c256_h32w32_L8 687.2 622.9 2.01 2.01 683.7
k13x1_c256_h32w32_L16 1088.7 1077.7 2.01 2.01 1095.2
k13x1_c256_h32w32_L24 1441.0 1428.0 2.01 2.01 1450.8
k15x1_c256_h32w32_L4 441.1 410.1 3.53 3.29 447.2
k15x1_c256_h32w32_L8 752.2 738.1 2.01 2.01 765.5
k15x1_c256_h32w32_L16 1194.5 1184.5 2.01 2.01 1204.5
k15x1_c256_h32w32_L24 1603.9 1593.6 2.01 2.01 1615.6
k3x3_c256_h32w32_L4 314.7 303.9 3.63 3.21 324.5
k3x3_c256_h32w32_L8 419.7 404.9 3.64 3.27 429.4
k3x3_c256_h32w32_L16 805.1 788.3 2.01 2.01 819.0
k3x3_c256_h32w32_L24 1005.3 925.6 2.06 2.05 1007.2
k5x5_c256_h32w32_L4 671.7 607.3 2.01 2.01 669.8
k5x5_c256_h32w32_L8 1060.8 1050.1 2.01 2.01 1070.7
k5x5_c256_h32w32_L16 1729.1 1719.4 2.01 2.01 1742.2
k5x5_c256_h32w32_L24 2391.5 2375.8 2.05 2.05 2398.5
