模型                              忙0 µs    忙1 µs   任务0   任务1    跨度 µs    重叠   ANE1 先开始
k11x1_c256_h16w32_L16           359.6    359.9     1     1    360.0  1.00       100%
k11x1_c256_h16w32_L24           533.1    533.2     1     1    533.5  1.00       100%
k11x1_c256_h16w32_L4             97.2     97.9     1     1     97.9  1.00       100%
k11x1_c256_h16w32_L8            185.6    186.2     1     1    186.2  1.00       100%
k11x1_c256_h32w32_L16           617.2    618.0     1     1    618.0  1.00       100%
k11x1_c256_h32w32_L24           915.8    916.4     1     1    916.4  1.00       100%
k11x1_c256_h32w32_L4            190.1    190.6     1     1    190.6  1.00       100%
k11x1_c256_h32w32_L8            310.9    311.5     1     1    311.6  1.00       100%
k13x1_c256_h16w32_L16           369.8    370.2     1     1    370.2  1.00       100%
k13x1_c256_h16w32_L24           547.5    548.1     1     1    548.1  1.00       100%
k13x1_c256_h16w32_L4            115.4    116.0     1     1    116.0  1.00       100%
k13x1_c256_h16w32_L8            206.3    206.8     1     1    206.8  1.00       100%
k13x1_c256_h32w32_L16           706.0    706.5     1     1    706.5  1.00       100%
k13x1_c256_h32w32_L24          1057.8   1058.3     1     1   1058.3  1.00       100%
k13x1_c256_h32w32_L4            221.2    221.7     1     1    221.7  1.00       100%
k13x1_c256_h32w32_L8            362.9    363.4     1     1    363.4  1.00       100%
k13x1_c256_h8w32_L16            201.1    201.6     1     1    201.6  1.00       100%
k13x1_c256_h8w32_L2              31.6     32.2     1     1     32.2  1.00       100%
k13x1_c256_h8w32_L24            290.3    290.8     1     1    290.8  1.00       100%
k13x1_c256_h8w32_L3              43.5     43.8     1     1     44.0  1.00       100%
k13x1_c256_h8w32_L4              57.9     58.5     1     1     58.5  1.00       100%
k13x1_c256_h8w32_L8             102.8    103.3     1     1    103.3  1.00       100%
k15x1_c256_h16w32_L16           423.9    424.4     1     1    424.4  1.00       100%
k15x1_c256_h16w32_L24           627.0    627.5     1     1    627.6  1.00       100%
k15x1_c256_h16w32_L4            129.0    129.8     1     1    129.8  1.00       100%
k15x1_c256_h16w32_L8            234.5    235.0     1     1    235.0  1.00       100%
k15x1_c256_h32w32_L16           811.8    812.4     1     1    812.4  1.00       100%
k15x1_c256_h32w32_L24          1218.4   1218.9     1     1   1218.9  1.00       100%
k15x1_c256_h32w32_L4            251.2    251.9     1     1    251.9  1.00       100%
k15x1_c256_h32w32_L8            418.1    418.7     1     1    418.7  1.00       100%
k15x1_c256_h8w32_L16            229.5    229.9     1     1    229.9  1.00       100%
k15x1_c256_h8w32_L2              38.0     38.7     1     1     38.7  1.00       100%
k15x1_c256_h8w32_L24            329.1    329.7     1     1    329.7  1.00       100%
k15x1_c256_h8w32_L3              49.1     49.5     1     1     49.6  1.00       100%
k15x1_c256_h8w32_L4              62.5     63.0     1     1     63.0  1.00       100%
k15x1_c256_h8w32_L8             120.9    121.7     1     1    121.8  1.00       100%
k1x10_c256_h16w32_L16           603.4    604.0     1     1    604.0  1.00       100%
k1x10_c256_h16w32_L24           895.9    896.8     1     1    896.9  1.00       100%
k1x10_c256_h16w32_L4            152.5    153.0     1     1    153.0  1.00       100%
k1x10_c256_h16w32_L8            300.2    300.8     1     1    300.8  1.00       100%
k1x10_c256_h32w32_L16           616.1    617.8     1     1    617.8  1.00       100%
k1x10_c256_h32w32_L24           904.3    905.9     1     1    906.0  1.00       100%
k1x10_c256_h32w32_L4            176.4    176.9     1     1    177.0  1.00       100%
k1x10_c256_h32w32_L8            312.4    313.1     1     1    313.2  1.00       100%
k1x11_c256_h16w32_L16           661.9    662.7     1     1    662.7  1.00       100%
k1x11_c256_h16w32_L24           981.2    981.7     1     1    981.8  1.00       100%
k1x11_c256_h16w32_L4            166.7    167.1     1     1    167.1  1.00       100%
k1x11_c256_h16w32_L8            328.2    328.8     1     1    328.8  1.00       100%
k1x11_c256_h32w32_L16           669.4    670.9     1     1    671.0  1.00       100%
k1x11_c256_h32w32_L24           990.5    991.4     1     1    991.4  1.00       100%
k1x11_c256_h32w32_L4            191.1    191.5     1     1    191.6  1.00       100%
k1x11_c256_h32w32_L8            338.6    339.4     1     1    339.4  1.00       100%
k1x12_c256_h16w32_L16           412.7    411.9     1     1    413.2  1.00       100%
k1x12_c256_h16w32_L24           612.2    613.0     1     1    613.0  1.00       100%
k1x12_c256_h16w32_L4            114.5    115.0     1     1    115.0  1.00       100%
k1x12_c256_h16w32_L8            212.1    212.6     1     1    212.8  1.00       100%
k1x12_c256_h32w32_L16           718.3    718.9     1     1    718.9  1.00       100%
k1x12_c256_h32w32_L24          1074.5   1074.9     1     1   1075.0  1.00       100%
k1x12_c256_h32w32_L4            211.4    211.9     1     1    211.9  1.00       100%
k1x12_c256_h32w32_L8            369.0    369.5     1     1    369.5  1.00       100%
k1x13_c256_h16w32_L16           438.1    438.3     1     1    438.7  1.00       100%
k1x13_c256_h16w32_L24           661.1    660.9     1     1    661.6  1.00       100%
k1x13_c256_h16w32_L4            122.0    122.7     1     1    122.7  1.00       100%
k1x13_c256_h16w32_L8            229.1    229.6     1     1    229.8  1.00       100%
k1x13_c256_h32w32_L16           770.2    770.8     1     1    770.8  1.00       100%
k1x13_c256_h32w32_L24          1156.0   1156.4     1     1   1156.5  1.00       100%
k1x13_c256_h32w32_L4            228.2    228.6     1     1    228.6  1.00       100%
k1x13_c256_h32w32_L8            398.6    399.0     1     1    399.1  1.00       100%
k1x14_c256_h16w32_L16           494.5    494.9     1     1    495.1  1.00       100%
k1x14_c256_h16w32_L24           740.4    740.8     1     1    741.0  1.00       100%
k1x14_c256_h16w32_L4            130.8    131.2     1     1    131.3  1.00       100%
k1x14_c256_h16w32_L8            255.2    255.4     1     1    255.7  1.00       100%
k1x14_c256_h32w32_L16           829.9    830.5     1     1    830.5  1.00       100%
k1x14_c256_h32w32_L24          1236.2   1236.8     1     1   1236.9  1.00       100%
k1x14_c256_h32w32_L4            243.2    243.7     1     1    243.8  1.00       100%
k1x14_c256_h32w32_L8            430.7    431.2     1     1    431.5  1.00       100%
k1x15_c256_h16w32_L16           896.6    896.8     1     1    897.0  1.00       100%
k1x15_c256_h16w32_L24          1348.1   1348.0     1     1   1348.6  1.00       100%
k1x15_c256_h16w32_L4            225.3    225.8     1     1    225.9  1.00       100%
k1x15_c256_h16w32_L8            450.1    450.8     1     1    450.8  1.00       100%
k1x15_c256_h32w32_L16           904.3    905.6     1     1    905.7  1.00       100%
k1x15_c256_h32w32_L24          1343.0   1343.2     1     1   1343.9  1.00       100%
k1x15_c256_h32w32_L4            231.1    231.9     1     1    231.9  1.00       100%
k1x15_c256_h32w32_L8            456.2    457.0     1     1    457.1  1.00       100%
k1x1_c256_h16w32_L16             36.5     36.3     1     1     37.0  0.99       100%
k1x1_c256_h16w32_L24             53.1     53.0     1     1     53.6  0.99       100%
k1x1_c256_h16w32_L4              11.3     11.1     1     1     11.8  0.97       100%
k1x1_c256_h16w32_L8              19.5     19.3     1     1     19.9  0.98       100%
k1x1_c256_h32w32_L16             70.9     70.8     1     1     71.3  0.99       100%
k1x1_c256_h32w32_L24            102.0    102.0     1     1    102.5  1.00       100%
k1x1_c256_h32w32_L4              20.5     20.2     1     1     20.9  0.98       100%
k1x1_c256_h32w32_L8              37.6     37.5     1     1     38.1  0.99       100%
k1x1_c256_h8w32_L16              20.9     20.2     1     1     21.4  0.98       100%
k1x1_c256_h8w32_L24              29.6     29.6     1     1     30.1  0.99       100%
k1x2_c256_h16w32_L16             63.1     62.8     1     1     63.5  0.99       100%
k1x2_c256_h16w32_L24             95.7     95.4     1     1     96.2  0.99       100%
k1x2_c256_h16w32_L4              19.5     19.5     1     1     20.0  0.98       100%
k1x2_c256_h16w32_L8              34.2     34.0     1     1     34.6  0.99       100%
k1x2_c256_h32w32_L16            126.9    126.5     1     1    127.5  1.00       100%
k1x2_c256_h32w32_L24            180.7    180.2     1     1    181.2  1.00       100%
k1x2_c256_h32w32_L4              36.6     36.2     1     1     37.0  0.99       100%
k1x2_c256_h32w32_L8              65.2     64.8     1     1     65.6  0.99       100%
k1x2_c256_h8w32_L16              34.6     34.1     1     1     35.1  0.99       100%
k1x2_c256_h8w32_L24              47.0     46.8     1     1     47.5  0.99       100%
k1x3_c256_h16w32_L16             67.6     67.5     1     1     68.1  0.99       100%
k1x3_c256_h16w32_L24             92.0     91.9     1     1     92.4  1.00       100%
k1x3_c256_h16w32_L4              20.5     20.6     1     1     21.0  0.98       100%
k1x3_c256_h16w32_L8              35.0     34.8     1     1     35.4  0.99       100%
k1x3_c256_h32w32_L16            128.3    127.9     1     1    129.0  1.00       100%
k1x3_c256_h32w32_L24            195.9    195.8     1     1    196.5  1.00       100%
k1x3_c256_h32w32_L4              38.2     37.9     1     1     38.6  0.99       100%
k1x3_c256_h32w32_L8              66.5     66.3     1     1     67.0  0.99       100%
k1x3_c256_h8w32_L16              33.2     33.2     1     1     33.7  0.99       100%
k1x3_c256_h8w32_L24              47.6     47.7     1     1     48.0  0.99       100%
k1x4_c256_h16w32_L16            130.4    130.2     1     1    130.8  1.00       100%
k1x4_c256_h16w32_L24            178.3    178.4     1     1    178.8  1.00       100%
k1x4_c256_h16w32_L4              36.0     35.9     1     1     36.5  0.99       100%
k1x4_c256_h16w32_L8              64.0     64.0     1     1     64.4  0.99       100%
k1x4_c256_h32w32_L16            237.6    237.5     1     1    238.0  1.00       100%
k1x4_c256_h32w32_L24            333.1    333.2     1     1    333.6  1.00       100%
k1x4_c256_h32w32_L4              69.5     69.6     1     1     69.9  1.00       100%
k1x4_c256_h32w32_L8             129.6    129.6     1     1    130.1  1.00       100%
k1x4_c256_h8w32_L16              61.4     61.4     1     1     61.9  0.99       100%
k1x4_c256_h8w32_L24              89.3     89.2     1     1     89.8  1.00       100%
k1x4_c256_h8w32_L8               35.7     35.1     1     1     36.2  0.99       100%
k1x5_c256_h16w32_L16            149.0    148.9     1     1    149.5  1.00       100%
k1x5_c256_h16w32_L24            218.3    218.1     1     1    218.8  1.00       100%
k1x5_c256_h16w32_L4              43.9     43.6     1     1     44.3  0.99       100%
k1x5_c256_h16w32_L8              78.6     78.5     1     1     79.0  1.00       100%
k1x5_c256_h32w32_L16            279.0    279.1     1     1    279.4  1.00       100%
k1x5_c256_h32w32_L24            414.0    414.5     1     1    414.5  1.00       100%
k1x5_c256_h32w32_L4              85.4     85.3     1     1     85.8  1.00       100%
k1x5_c256_h32w32_L8             155.6    155.7     1     1    156.1  1.00       100%
k1x5_c256_h8w32_L16              75.3     75.5     1     1     75.8  1.00       100%
k1x5_c256_h8w32_L24             111.8    111.6     1     1    112.1  1.00       100%
k1x5_c256_h8w32_L8               43.2     42.7     1     1     43.6  0.99       100%
k1x6_c256_h16w32_L16            177.2    177.2     1     1    177.8  1.00       100%
k1x6_c256_h16w32_L24            253.3    253.7     1     1    253.8  1.00       100%
k1x6_c256_h16w32_L4              51.9     51.7     1     1     52.4  0.99       100%
k1x6_c256_h16w32_L8              93.5     93.5     1     1     93.9  1.00       100%
k1x6_c256_h32w32_L16            336.6    336.7     1     1    337.1  1.00       100%
k1x6_c256_h32w32_L24            495.7    495.7     1     1    496.1  1.00       100%
k1x6_c256_h32w32_L4             101.3    101.3     1     1    101.7  1.00       100%
k1x6_c256_h32w32_L8             186.1    186.0     1     1    186.6  1.00       100%
k1x6_c256_h8w32_L16              89.8     89.8     1     1     90.2  1.00       100%
k1x6_c256_h8w32_L24             134.5    134.4     1     1    135.0  1.00       100%
k1x6_c256_h8w32_L8               50.5     50.0     1     1     51.1  0.99       100%
k1x7_c256_h16w32_L16            206.5    206.2     1     1    207.0  1.00       100%
k1x7_c256_h16w32_L24            291.5    291.6     1     1    292.0  1.00       100%
k1x7_c256_h16w32_L4              60.4     60.4     1     1     60.8  0.99       100%
k1x7_c256_h16w32_L8             116.4    114.9     1     1    117.0  1.00       100%
k1x7_c256_h32w32_L16            389.0    389.1     1     1    389.5  1.00       100%
k1x7_c256_h32w32_L24            572.9    573.4     1     1    573.5  1.00       100%
k1x7_c256_h32w32_L4             122.2    122.1     1     1    122.8  1.00       100%
k1x7_c256_h32w32_L8             214.6    214.4     1     1    215.0  1.00       100%
k1x7_c256_h8w32_L16             105.3    105.5     1     1    105.8  1.00       100%
k1x7_c256_h8w32_L24             155.1    155.4     1     1    155.5  1.00       100%
k1x7_c256_h8w32_L8               56.6     56.6     1     1     57.0  0.99       100%
k1x8_c256_h16w32_L16            235.0    235.0     1     1    235.4  1.00       100%
k1x8_c256_h16w32_L24            332.8    332.9     1     1    333.3  1.00       100%
k1x8_c256_h16w32_L4              68.8     68.7     1     1     69.1  1.00       100%
k1x8_c256_h16w32_L8             133.7    133.0     1     1    134.2  1.00       100%
k1x8_c256_h32w32_L16            442.0    442.2     1     1    442.5  1.00       100%
k1x8_c256_h32w32_L24            649.3    649.3     1     1    649.8  1.00       100%
k1x8_c256_h32w32_L4             136.8    136.5     1     1    137.2  1.00       100%
k1x8_c256_h32w32_L8             244.0    244.0     1     1    244.5  1.00       100%
k1x8_c256_h8w32_L16             124.2    124.2     1     1    124.8  1.00       100%
k1x8_c256_h8w32_L24             177.1    177.1     1     1    177.5  1.00       100%
k1x8_c256_h8w32_L4               38.7     38.5     1     1     39.2  0.99       100%
k1x8_c256_h8w32_L8               63.9     63.9     1     1     64.3  0.99       100%
k1x9_c256_h16w32_L16            543.2    543.5     1     1    543.7  1.00       100%
k1x9_c256_h16w32_L24            804.4    805.1     1     1    805.1  1.00       100%
k1x9_c256_h16w32_L8             274.8    275.3     1     1    275.3  1.00       100%
k1x9_c256_h32w32_L16            555.2    555.8     1     1    555.9  1.00       100%
k1x9_c256_h32w32_L24            819.5    819.8     1     1    820.3  1.00       100%
k1x9_c256_h32w32_L4             161.3    161.6     1     1    161.8  1.00       100%
k1x9_c256_h32w32_L8             281.2    281.9     1     1    281.9  1.00       100%
k3x1_c256_h16w32_L16            137.0    137.5     1     1    137.5  1.00       100%
k3x1_c256_h16w32_L24            189.2    189.5     1     1    189.6  1.00       100%
k3x1_c256_h16w32_L4              34.8     35.5     1     1     35.5  1.00       100%
k3x1_c256_h16w32_L8              64.9     65.5     1     1     65.5  1.00       100%
k3x1_c256_h32w32_L16            213.2    213.6     1     1    213.8  1.00       100%
k3x1_c256_h32w32_L24            302.2    302.9     1     1    302.9  1.00       100%
k3x1_c256_h32w32_L4              60.6     61.4     1     1     61.4  1.00       100%
k3x1_c256_h32w32_L8             114.0    114.6     1     1    114.8  1.00       100%
k3x3_c256_h16w32_L16            294.0    291.5     1     1    294.5  1.00       100%
k3x3_c256_h16w32_L24            436.4    432.7     1     1    436.9  1.00       100%
k3x3_c256_h16w32_L4              69.7     66.0     1     1     70.1  0.99       100%
k3x3_c256_h16w32_L8             154.8    152.5     1     1    155.4  1.00       100%
k3x3_c256_h32w32_L16            429.5    429.5     1     1    430.5  1.00       100%
k3x3_c256_h32w32_L24            622.7    622.7     1     1    623.4  1.00       100%
k3x3_c256_h32w32_L4             120.2    120.5     1     1    120.8  1.00       100%
k3x3_c256_h32w32_L8             226.0    226.4     1     1    227.0  1.00       100%
k5x1_c256_h16w32_L16            196.3    196.8     1     1    196.9  1.00       100%
k5x1_c256_h16w32_L24            266.6    267.2     1     1    267.2  1.00       100%
k5x1_c256_h16w32_L4              55.1     55.9     1     1     55.9  1.00       100%
k5x1_c256_h16w32_L8             102.2    102.8     1     1    102.8  1.00       100%
k5x1_c256_h32w32_L16            298.6    299.2     1     1    299.2  1.00       100%
k5x1_c256_h32w32_L24            443.7    444.2     1     1    444.2  1.00       100%
k5x1_c256_h32w32_L4              92.0     92.6     1     1     92.6  1.00       100%
k5x1_c256_h32w32_L8             169.4    169.9     1     1    169.9  1.00       100%
k5x5_c256_h16w32_L16            686.4    686.8     1     1    686.8  1.00       100%
k5x5_c256_h16w32_L24           1022.0   1022.5     1     1   1022.6  1.00       100%
k5x5_c256_h16w32_L4             206.4    207.0     1     1    207.0  1.00       100%
k5x5_c256_h16w32_L8             349.9    350.2     1     1    350.3  1.00       100%
k5x5_c256_h32w32_L16           1343.5   1343.9     1     1   1344.0  1.00       100%
k5x5_c256_h32w32_L24           2007.1   2007.5     1     1   2007.5  1.00       100%
k5x5_c256_h32w32_L4             346.5    346.9     1     1    347.0  1.00       100%
k5x5_c256_h32w32_L8             675.9    676.3     1     1    676.4  1.00       100%
k5x5_c256_h8w32_L16             376.5    377.1     1     1    377.1  1.00       100%
k5x5_c256_h8w32_L2               59.6     60.3     1     1     60.3  1.00       100%
k5x5_c256_h8w32_L24             562.5    563.0     1     1    563.0  1.00       100%
k5x5_c256_h8w32_L3               80.9     81.3     1     1     81.4  1.00       100%
k5x5_c256_h8w32_L4              103.6    104.1     1     1    104.1  1.00       100%
k5x5_c256_h8w32_L8              196.6    197.2     1     1    197.2  1.00       100%
k7x1_c256_h16w32_L16            257.1    257.6     1     1    257.6  1.00       100%
k7x1_c256_h16w32_L24            360.2    360.7     1     1    360.7  1.00       100%
k7x1_c256_h16w32_L4              78.1     79.0     1     1     79.0  1.00       100%
k7x1_c256_h16w32_L8             153.8    154.2     1     1    154.3  1.00       100%
k7x1_c256_h32w32_L16            407.4    407.7     1     1    407.8  1.00       100%
k7x1_c256_h32w32_L24            602.2    602.8     1     1    602.8  1.00       100%
k7x1_c256_h32w32_L4             127.1    127.8     1     1    127.8  1.00       100%
k7x1_c256_h32w32_L8             229.2    229.6     1     1    229.8  1.00       100%
k9x1_c256_h16w32_L16            334.0    329.9     1     1    334.4  1.00       100%
k9x1_c256_h16w32_L24            490.5    486.6     1     1    491.0  1.00       100%
k9x1_c256_h16w32_L4              93.5     88.4     1     1     93.9  1.00       100%
k9x1_c256_h16w32_L8             186.0    181.8     1     1    186.2  1.00       100%
k9x1_c256_h32w32_L16            571.1    572.2     1     1    572.2  1.00       100%
k9x1_c256_h32w32_L24            848.0    849.0     1     1    849.0  1.00       100%
k9x1_c256_h32w32_L4             168.0    168.9     1     1    168.9  1.00       100%
k9x1_c256_h32w32_L8             290.8    291.7     1     1    291.7  1.00       100%
