k1x1_c256_h8w32_L2 41.0 40.1 0.00 0.00 0.0
k1x1_c256_h8w32_L3 52.6 48.4 0.00 0.00 0.0
k1x2_c256_h8w32_L2 77.2 74.3 0.00 0.00 0.0
k1x2_c256_h8w32_L3 163.0 149.7 1.92 0.00 174.3
k1x3_c256_h8w32_L2 164.8 151.0 1.94 0.00 176.9
k1x3_c256_h8w32_L3 164.0 150.2 1.94 0.00 175.1
k1x4_c256_h8w32_L2 185.7 176.8 2.00 0.00 197.8
k1x4_c256_h8w32_L3 186.0 176.9 2.00 0.00 196.9
k1x5_c256_h8w32_L2 167.1 157.1 2.00 0.00 179.9
k1x5_c256_h8w32_L3 187.0 177.6 2.01 0.00 200.8
k1x6_c256_h8w32_L2 186.5 176.2 1.99 0.00 197.4
k1x6_c256_h8w32_L3 172.0 157.8 2.15 0.00 184.5
k1x7_c256_h8w32_L2 189.1 176.9 2.00 0.00 199.7
k1x7_c256_h8w32_L3 206.2 183.6 2.47 0.00 213.7
k1x8_c256_h8w32_L2 168.4 156.8 2.01 0.00 181.4
k1x8_c256_h8w32_L3 210.2 195.7 2.81 0.00 217.8
k1x9_c256_h8w32_L2 210.8 182.6 2.61 0.00 216.3
k1x9_c256_h8w32_L3 198.1 186.0 2.95 0.00 208.5
k1x10_c256_h8w32_L2 186.1 164.1 2.46 0.00 196.6
k1x10_c256_h8w32_L3 200.3 189.0 3.02 0.00 211.7
k1x11_c256_h8w32_L2 191.0 169.6 2.65 0.00 199.5
k1x11_c256_h8w32_L3 224.2 212.8 3.20 0.00 235.4
k1x12_c256_h8w32_L2 219.3 203.8 2.92 0.00 228.1
k1x12_c256_h8w32_L3 207.8 193.1 3.28 0.00 216.6
k1x13_c256_h8w32_L2 194.8 180.6 2.91 0.00 203.9
k1x13_c256_h8w32_L3 215.4 201.9 3.35 0.00 223.6
k1x14_c256_h8w32_L2 222.0 208.3 3.01 0.00 232.0
k1x14_c256_h8w32_L3 238.3 231.8 3.21 0.00 249.4
k1x15_c256_h8w32_L2 221.5 210.5 3.02 0.00 232.2
k1x15_c256_h8w32_L3 222.6 214.4 3.24 0.00 233.3
k3x1_c256_h8w32_L2 165.0 149.3 1.93 0.00 176.8
k3x1_c256_h8w32_L3 166.6 155.2 1.98 0.00 177.9
k5x1_c256_h8w32_L2 167.5 156.7 2.00 0.00 178.2
k5x1_c256_h8w32_L3 190.1 177.1 2.03 0.00 201.2
k7x1_c256_h8w32_L2 188.0 176.3 2.01 0.00 199.4
k7x1_c256_h8w32_L3 203.3 181.1 2.43 0.00 211.0
k9x1_c256_h8w32_L2 210.8 180.8 2.51 0.00 214.8
k9x1_c256_h8w32_L3 194.8 184.5 2.95 0.00 204.8
k11x1_c256_h8w32_L2 183.8 162.3 2.40 0.00 194.1
k11x1_c256_h8w32_L3 221.5 210.8 3.02 0.00 231.4
k13x1_c256_h8w32_L2 202.6 179.1 2.71 2.70 211.6
k13x1_c256_h8w32_L3 207.7 186.0 2.98 2.91 219.0
k15x1_c256_h8w32_L2 221.2 197.2 2.77 2.65 230.2
k15x1_c256_h8w32_L3 209.0 193.6 3.27 3.03 219.2
k3x3_c256_h8w32_L2 187.3 177.1 2.01 0.00 198.1
k3x3_c256_h8w32_L3 184.6 162.6 2.43 0.00 192.0
k5x5_c256_h8w32_L2 234.0 221.1 3.54 3.44 246.9
k5x5_c256_h8w32_L3 245.1 231.1 3.59 3.16 255.0
k1x1_c256_h4w32_L4 41.5 40.4 0.00 0.00 8.2
k1x1_c256_h4w32_L8 164.1 149.8 1.93 0.00 175.3
k1x1_c256_h4w32_L16 165.5 155.6 2.00 0.00 177.3
k1x1_c256_h4w32_L24 166.1 156.5 2.00 0.00 179.2
k1x2_c256_h4w32_L4 85.8 84.3 0.00 0.00 11.3
k1x2_c256_h4w32_L8 165.6 150.7 1.96 0.00 176.6
k1x2_c256_h4w32_L16 166.8 155.9 2.01 0.00 178.1
k1x2_c256_h4w32_L24 186.1 167.4 2.67 0.00 197.5
k1x3_c256_h4w32_L4 165.4 148.3 1.94 0.00 176.0
k1x3_c256_h4w32_L8 165.3 156.0 2.00 0.00 178.2
k1x3_c256_h4w32_L16 162.2 149.5 2.02 0.00 172.9
k1x3_c256_h4w32_L24 185.5 170.8 2.71 0.00 196.9
k1x4_c256_h4w32_L4 165.9 151.8 1.95 0.00 178.8
k1x4_c256_h4w32_L8 166.0 156.7 2.01 0.00 177.3
k1x4_c256_h4w32_L16 197.4 186.8 3.00 0.00 207.8
k1x4_c256_h4w32_L24 217.4 212.5 3.09 0.00 225.1
k1x5_c256_h4w32_L4 166.0 156.7 2.00 0.00 179.7
k1x5_c256_h4w32_L8 181.4 160.5 2.41 0.00 191.3
k1x5_c256_h4w32_L16 201.8 192.9 3.18 0.00 212.6
k1x5_c256_h4w32_L24 252.6 240.8 3.13 0.00 258.5
k1x6_c256_h4w32_L4 166.6 156.3 2.00 0.00 180.0
k1x6_c256_h4w32_L8 185.2 165.0 2.52 0.00 194.0
k1x6_c256_h4w32_L16 217.8 212.7 3.07 0.00 228.4
k1x6_c256_h4w32_L24 267.0 261.2 3.38 0.00 276.8
k1x7_c256_h4w32_L4 166.4 155.8 2.00 0.00 178.0
k1x7_c256_h4w32_L8 191.2 180.0 2.90 0.00 201.9
k1x7_c256_h4w32_L16 239.4 231.1 3.11 0.00 247.8
k1x7_c256_h4w32_L24 292.6 285.6 3.59 0.00 300.7
k1x8_c256_h4w32_L4 162.8 151.2 2.00 0.00 175.7
k1x8_c256_h4w32_L8 196.9 188.0 3.00 0.00 207.6
k1x8_c256_h4w32_L16 253.0 248.9 3.04 0.00 262.0
k1x8_c256_h4w32_L24 325.5 308.8 3.14 0.00 330.5
k1x9_c256_h4w32_L4 206.0 193.6 3.25 0.00 216.7
k1x9_c256_h4w32_L8 302.1 286.0 3.22 0.00 310.6
k1x9_c256_h4w32_L16 437.2 426.2 3.25 0.00 449.7
k1x9_c256_h4w32_L24 641.5 562.8 2.37 0.00 652.3
k1x10_c256_h4w32_L4 209.8 200.3 3.30 0.00 218.7
k1x10_c256_h4w32_L8 315.0 302.7 3.29 0.00 322.3
k1x10_c256_h4w32_L16 462.9 454.4 3.15 0.00 476.3
k1x10_c256_h4w32_L24 748.5 700.9 2.02 0.00 756.2
k1x11_c256_h4w32_L4 217.2 211.0 3.26 0.00 228.3
k1x11_c256_h4w32_L8 328.1 317.3 3.25 0.00 337.5
k1x11_c256_h4w32_L16 507.6 492.6 2.94 0.00 521.7
k1x11_c256_h4w32_L24 647.8 638.5 3.01 0.00 664.9
k1x12_c256_h4w32_L4 230.2 219.5 3.17 0.00 238.7
k1x12_c256_h4w32_L8 346.2 330.9 3.30 0.00 354.9
k1x12_c256_h4w32_L16 596.8 589.5 2.01 0.00 613.1
k1x12_c256_h4w32_L24 879.4 868.8 2.01 0.00 891.3
k1x13_c256_h4w32_L4 239.4 229.9 3.32 0.00 248.8
k1x13_c256_h4w32_L8 358.8 348.3 3.29 0.00 367.6
k1x13_c256_h4w32_L16 627.2 618.0 2.01 0.00 647.1
k1x13_c256_h4w32_L24 920.1 911.4 2.01 0.00 936.3
k1x14_c256_h4w32_L4 254.7 245.4 3.25 0.00 262.9
k1x14_c256_h4w32_L8 375.5 365.0 3.27 0.00 383.6
k1x14_c256_h4w32_L16 666.8 649.8 2.01 0.00 697.7
k1x14_c256_h4w32_L24 965.8 953.6 2.01 0.00 981.6
k1x15_c256_h4w32_L4 264.6 255.6 3.24 0.00 274.0
k1x15_c256_h4w32_L8 387.4 377.6 3.34 0.00 396.6
k1x15_c256_h4w32_L16 745.3 682.9 2.06 0.00 749.0
k1x15_c256_h4w32_L24 1008.5 997.5 2.01 0.00 1026.8
k3x1_c256_h4w32_L4 164.1 148.1 1.93 0.00 176.4
k3x1_c256_h4w32_L8 166.7 154.8 2.00 0.00 180.2
k3x1_c256_h4w32_L16 185.4 166.4 2.58 0.00 195.4
k3x1_c256_h4w32_L24 199.4 188.2 3.05 0.00 208.3
k5x1_c256_h4w32_L4 166.5 156.6 2.00 0.00 177.8
k5x1_c256_h4w32_L8 183.9 161.8 2.44 0.00 191.3
k5x1_c256_h4w32_L16 203.9 192.5 3.18 0.00 213.1
k5x1_c256_h4w32_L24 255.4 244.7 3.12 0.00 262.9
k7x1_c256_h4w32_L4 166.5 156.5 2.00 0.00 179.2
k7x1_c256_h4w32_L8 194.1 181.7 2.90 0.00 205.7
k7x1_c256_h4w32_L16 239.4 230.2 3.18 0.00 247.4
k7x1_c256_h4w32_L24 308.7 294.1 3.16 0.00 315.4
k9x1_c256_h4w32_L4 168.0 157.2 2.08 0.00 181.2
k9x1_c256_h4w32_L8 202.0 189.1 3.16 0.00 212.3
k9x1_c256_h4w32_L16 280.9 271.2 3.26 0.00 292.7
k9x1_c256_h4w32_L24 354.6 341.3 3.25 0.00 363.3
k11x1_c256_h4w32_L4 185.9 163.2 2.41 0.00 194.8
k11x1_c256_h4w32_L8 216.4 207.3 3.30 0.00 225.4
k11x1_c256_h4w32_L16 319.3 309.0 3.25 0.00 327.8
k11x1_c256_h4w32_L24 396.4 384.0 3.26 0.00 406.3
k13x1_c256_h4w32_L4 192.4 177.0 2.84 0.00 201.7
k13x1_c256_h4w32_L8 233.8 221.1 3.19 0.00 242.6
k13x1_c256_h4w32_L16 344.3 332.5 3.23 0.00 353.8
k13x1_c256_h4w32_L24 433.5 425.3 3.20 0.00 445.7
k15x1_c256_h4w32_L4 195.9 185.1 2.97 0.00 206.1
k15x1_c256_h4w32_L8 255.5 245.3 3.27 0.00 265.3
k15x1_c256_h4w32_L16 376.7 364.4 3.24 0.00 384.4
k15x1_c256_h4w32_L24 480.1 470.9 3.01 0.00 495.3
k3x3_c256_h4w32_L4 167.8 158.2 2.05 0.00 182.6
k3x3_c256_h4w32_L8 201.9 189.8 3.10 0.00 213.2
k3x3_c256_h4w32_L16 285.8 275.5 3.22 0.00 295.0
k3x3_c256_h4w32_L24 353.4 339.5 3.20 0.00 361.4
k5x5_c256_h4w32_L4 222.6 216.2 3.17 0.00 233.5
k5x5_c256_h4w32_L8 338.3 326.1 3.24 0.00 347.9
k5x5_c256_h4w32_L16 581.0 550.4 2.18 0.00 587.0
k5x5_c256_h4w32_L24 862.3 851.9 2.01 0.00 877.3
