54
1 k1x1_c256_h8w64_L4 197.3 171.8 2.65
1 k1x1_c256_h8w64_L20 209.6 183.5 2.94
1 k1x3_c256_h8w64_L4 197.7 177.0 2.58
1 k3x1_c256_h8w64_L4 200.0 178.9 2.71
1 k1x3_c256_h8w64_L20 293.4 262.5 3.14
1 k3x1_c256_h8w64_L20 386.9 375.4 3.20
1 k1x5_c256_h8w64_L4 203.0 183.5 2.88
1 k5x1_c256_h8w64_L4 218.7 198.8 3.38
1 k1x5_c256_h8w64_L20 388.2 360.5 3.07
1 k5x1_c256_h8w64_L20 426.7 405.3 3.22
1 k1x7_c256_h8w64_L4 218.1 194.8 3.23
1 k7x1_c256_h8w64_L4 222.4 201.7 3.28
1 k1x7_c256_h8w64_L20 441.3 418.2 3.00
1 k7x1_c256_h8w64_L20 498.0 466.5 2.55
1 k1x9_c256_h8w64_L4 305.0 291.9 0.00
1 k9x1_c256_h8w64_L4 266.0 248.9 3.17
1 k1x9_c256_h8w64_L20 1034.1 1024.9 2.00
1 k9x1_c256_h8w64_L20 658.3 638.9 2.00
1 k1x11_c256_h8w64_L4 366.1 341.6 3.07
1 k11x1_c256_h8w64_L4 282.5 267.6 3.11
1 k1x11_c256_h8w64_L20 1179.5 1169.5 2.00
1 k11x1_c256_h8w64_L20 828.8 818.5 2.00
1 k1x13_c256_h8w64_L4 312.3 299.9 3.16
1 k13x1_c256_h8w64_L4 297.7 285.3 3.14
1 k1x13_c256_h8w64_L20 923.4 911.7 2.00
1 k13x1_c256_h8w64_L20 842.0 829.0 2.00
1 k1x15_c256_h8w64_L4 401.6 395.7 3.02
1 k15x1_c256_h8w64_L4 312.1 299.8 3.15
1 k1x15_c256_h8w64_L20 1472.9 1464.3 2.00
1 k15x1_c256_h8w64_L20 907.8 896.2 2.00
1 k1x16_c256_h8w64_L4 1044.0 1040.8 0.00
1 k16x1_c256_h8w64_L4 352.5 341.7 3.17
1 k1x16_c256_h8w64_L20 5140.0 5131.5 0.00
1 k16x1_c256_h8w64_L20 939.0 927.0 2.00
1 k1x17_c256_h8w64_L4 1036.9 1033.7 0.00
1 k17x1_c256_h8w64_L4 447.0 437.4 0.00
1 k1x17_c256_h8w64_L20 5080.7 5078.3 0.00
1 k17x1_c256_h8w64_L20 1494.2 1488.3 0.00
1 k3x3_c256_h8w64_L4 224.6 205.7 3.23
1 k3x3_c256_h8w64_L20 694.2 628.2 2.00
1 k5x5_c256_h8w64_L4 397.6 388.5 3.15
1 k5x5_c256_h8w64_L20 1231.1 1221.0 2.00
1 k7x7_c256_h8w64_L4 605.4 595.5 2.00
1 k7x7_c256_h8w64_L20 2028.1 2017.2 2.00
1 k1x9_c256_h8w8_L4 211.2 196.3 0.00
1 k1x9_c256_h8w8_L20 544.9 531.2 0.00
1 k1x9_c256_h8w16_L4 211.0 196.2 0.00
1 k1x9_c256_h8w16_L20 545.4 532.1 0.00
1 k1x9_c256_h8w24_L4 230.8 221.1 0.00
1 k1x9_c256_h8w24_L20 539.9 518.1 0.00
1 k1x9_c256_h8w32_L4 229.2 219.3 0.00
1 k1x9_c256_h8w32_L20 521.4 512.4 0.00
1 k1x9_c256_h8w48_L4 285.1 281.3 0.00
1 k1x9_c256_h8w48_L20 1031.7 1023.4 2.00
2 k1x1_c256_h8w64_L4 197.5 173.5 2.65
2 k1x1_c256_h8w64_L20 204.4 182.0 2.95
2 k1x3_c256_h8w64_L4 195.8 172.9 2.63
2 k3x1_c256_h8w64_L4 201.1 181.2 2.58
2 k1x3_c256_h8w64_L20 293.4 263.2 3.20
2 k3x1_c256_h8w64_L20 385.8 376.8 3.23
2 k1x5_c256_h8w64_L4 204.0 183.0 2.90
2 k5x1_c256_h8w64_L4 217.6 199.2 3.32
2 k1x5_c256_h8w64_L20 380.1 356.2 3.06
2 k5x1_c256_h8w64_L20 429.0 409.3 3.25
2 k1x7_c256_h8w64_L4 218.8 193.6 3.29
2 k7x1_c256_h8w64_L4 220.3 201.8 3.27
2 k1x7_c256_h8w64_L20 430.8 420.8 3.00
2 k7x1_c256_h8w64_L20 493.1 475.2 2.67
2 k1x9_c256_h8w64_L4 304.2 293.6 0.00
2 k9x1_c256_h8w64_L4 263.9 247.2 3.30
2 k1x9_c256_h8w64_L20 1028.5 1020.4 2.00
2 k9x1_c256_h8w64_L20 652.7 637.0 2.00
2 k1x11_c256_h8w64_L4 364.5 336.5 3.07
2 k11x1_c256_h8w64_L4 283.2 270.8 3.04
2 k1x11_c256_h8w64_L20 1177.8 1170.0 2.00
2 k11x1_c256_h8w64_L20 829.8 818.5 2.00
2 k1x13_c256_h8w64_L4 311.5 299.8 3.25
2 k13x1_c256_h8w64_L4 297.0 283.2 3.27
2 k1x13_c256_h8w64_L20 920.6 907.7 2.00
2 k13x1_c256_h8w64_L20 711.5 635.1 2.49
2 k1x15_c256_h8w64_L4 402.3 395.9 3.04
2 k15x1_c256_h8w64_L4 312.5 301.0 3.17
2 k1x15_c256_h8w64_L20 1471.9 1445.1 2.02
2 k15x1_c256_h8w64_L20 909.8 897.3 2.00
2 k1x16_c256_h8w64_L4 1048.5 1045.2 0.00
2 k16x1_c256_h8w64_L4 351.6 340.4 3.17
2 k1x16_c256_h8w64_L20 5143.6 5137.2 0.00
2 k16x1_c256_h8w64_L20 751.9 740.5 3.01
2 k1x17_c256_h8w64_L4 1037.4 1034.0 0.00
2 k17x1_c256_h8w64_L4 446.6 434.1 0.00
2 k1x17_c256_h8w64_L20 5080.8 5076.8 0.00
2 k17x1_c256_h8w64_L20 1494.2 1488.3 0.00
2 k3x3_c256_h8w64_L4 224.2 204.5 3.24
2 k3x3_c256_h8w64_L20 697.7 688.9 2.00
2 k5x5_c256_h8w64_L4 397.1 388.4 3.17
2 k5x5_c256_h8w64_L20 1230.4 1220.0 2.00
2 k7x7_c256_h8w64_L4 608.7 596.7 2.00
2 k7x7_c256_h8w64_L20 2026.8 2018.0 2.01
2 k1x9_c256_h8w8_L4 210.5 196.8 0.00
2 k1x9_c256_h8w8_L20 526.8 513.7 0.00
2 k1x9_c256_h8w16_L4 210.9 197.6 0.00
2 k1x9_c256_h8w16_L20 550.9 535.0 0.00
2 k1x9_c256_h8w24_L4 233.4 222.2 0.00
2 k1x9_c256_h8w24_L20 531.0 514.0 0.00
2 k1x9_c256_h8w32_L4 230.1 219.5 0.00
2 k1x9_c256_h8w32_L20 539.2 515.2 0.00
2 k1x9_c256_h8w48_L4 304.9 290.1 0.00
2 k1x9_c256_h8w48_L20 1031.6 1024.5 2.00
全部完成
