58
1 k1x1_c256_h32w32_L4 198.8 176.5 2.59
1 k1x1_c256_h32w32_L12 216.6 192.6 3.20
1 k1x3_c256_h32w32_L4 201.7 177.6 2.54
1 k1x3_c256_h32w32_L12 295.5 264.2 3.04
1 k1x5_c256_h32w32_L4 264.0 235.2 3.20
1 k1x5_c256_h32w32_L12 419.1 388.7 3.15
1 k1x7_c256_h32w32_L4 312.0 293.8 3.09
1 k1x7_c256_h32w32_L12 610.4 595.1 2.00
1 k1x9_c256_h32w32_L4 364.0 341.3 3.17
1 k1x9_c256_h32w32_L12 777.6 768.5 2.00
1 k1x15_c256_h32w32_L4 413.2 403.0 3.11
1 k1x15_c256_h32w32_L12 1037.2 1028.2 2.00
1 k1x16_c256_h32w32_L4 2146.6 2139.8 0.00
1 k1x16_c256_h32w32_L12 6400.3 6379.2 0.03
1 k1x17_c256_h32w32_L4 2056.6 2051.2 0.00
1 k1x17_c256_h32w32_L12 6105.9 6099.4 0.00
1 k3x1_c256_h32w32_L4 219.9 200.8 3.23
1 k3x1_c256_h32w32_L12 359.0 344.3 3.16
1 k5x1_c256_h32w32_L4 282.2 266.7 3.18
1 k5x1_c256_h32w32_L12 411.3 401.5 3.10
1 k9x1_c256_h32w32_L4 365.2 350.1 3.22
1 k9x1_c256_h32w32_L12 810.7 775.9 2.00
1 k3x3_c256_h32w32_L4 314.3 300.5 3.19
1 k3x3_c256_h32w32_L12 583.6 573.1 2.00
1 k5x5_c256_h32w32_L4 617.6 604.0 2.00
1 k5x5_c256_h32w32_L12 1388.2 1376.0 2.00
1 k7x7_c256_h32w32_L4 1040.0 1031.6 2.00
1 k7x7_c256_h32w32_L12 2337.0 2327.8 2.00
1 k1x9_c256_h8w8_L4 210.7 196.9 0.00
1 k1x9_c256_h8w8_L12 371.4 361.8 0.00
1 k1x9_c256_h8w32_L4 230.7 219.2 0.00
1 k1x9_c256_h8w32_L12 365.6 350.7 0.00
1 k1x9_c256_h8w128_L4 366.6 340.6 3.12
1 k1x9_c256_h8w128_L12 777.6 764.9 2.00
1 k1x9_c256_h32w8_L4 401.2 378.3 3.22
1 k1x9_c256_h32w8_L12 776.9 769.4 2.00
1 k1x9_c256_h128w8_L4 573.3 566.1 2.00
1 k1x9_c256_h128w8_L12 1186.3 1178.5 2.00
1 k9x1_c256_h8w8_L4 185.6 165.0 0.00
1 k9x1_c256_h8w8_L12 242.8 231.1 0.00
1 k9x1_c256_h8w32_L4 223.9 214.7 0.00
1 k9x1_c256_h8w32_L12 361.0 346.6 0.00
1 k9x1_c256_h8w128_L4 355.1 342.2 3.17
1 k9x1_c256_h8w128_L12 822.7 808.4 2.00
1 k9x1_c256_h32w8_L4 266.9 258.4 0.00
1 k9x1_c256_h32w8_L12 370.2 358.5 0.00
1 k9x1_c256_h128w8_L4 447.2 422.4 3.19
1 k9x1_c256_h128w8_L12 895.4 881.3 2.04
1 k3x3_c256_h8w8_L4 186.5 164.1 0.00
1 k3x3_c256_h8w8_L12 243.0 233.9 0.00
1 k3x3_c256_h8w32_L4 216.1 203.1 0.00
1 k3x3_c256_h8w32_L12 299.9 286.6 0.00
1 k3x3_c256_h8w128_L4 315.1 303.2 3.04
1 k3x3_c256_h8w128_L12 590.1 578.8 2.00
1 k3x3_c256_h32w8_L4 249.7 243.0 0.00
1 k3x3_c256_h32w8_L12 311.1 300.8 0.00
1 k3x3_c256_h128w8_L4 399.1 377.2 3.21
1 k3x3_c256_h128w8_L12 663.8 655.2 2.00
2 k1x1_c256_h32w32_L4 203.3 176.0 2.60
2 k1x1_c256_h32w32_L12 209.0 190.8 3.17
2 k1x3_c256_h32w32_L4 199.0 176.2 2.65
2 k1x3_c256_h32w32_L12 291.8 260.4 3.11
2 k1x5_c256_h32w32_L4 262.5 232.8 3.23
2 k1x5_c256_h32w32_L12 421.1 390.1 3.20
2 k1x7_c256_h32w32_L4 318.0 289.7 3.06
2 k1x7_c256_h32w32_L12 607.9 592.8 2.01
2 k1x9_c256_h32w32_L4 363.2 338.1 3.11
2 k1x9_c256_h32w32_L12 777.4 768.0 2.00
2 k1x15_c256_h32w32_L4 417.0 409.0 3.00
2 k1x15_c256_h32w32_L12 1037.9 1029.0 2.00
2 k1x16_c256_h32w32_L4 2146.1 2141.6 0.00
2 k1x16_c256_h32w32_L12 6406.5 6386.1 0.03
2 k1x17_c256_h32w32_L4 2056.6 2050.6 0.00
2 k1x17_c256_h32w32_L12 6105.9 6100.9 0.00
2 k3x1_c256_h32w32_L4 224.0 203.5 3.12
2 k3x1_c256_h32w32_L12 358.2 344.4 3.23
2 k5x1_c256_h32w32_L4 282.7 268.8 3.22
2 k5x1_c256_h32w32_L12 435.6 418.0 3.32
2 k9x1_c256_h32w32_L4 365.9 353.1 3.11
2 k9x1_c256_h32w32_L12 812.6 799.6 2.00
2 k3x3_c256_h32w32_L4 314.1 301.5 3.07
2 k3x3_c256_h32w32_L12 586.6 574.0 2.00
2 k5x5_c256_h32w32_L4 669.5 606.2 2.00
2 k5x5_c256_h32w32_L12 1389.6 1376.5 2.00
2 k7x7_c256_h32w32_L4 1040.0 1030.5 2.00
2 k7x7_c256_h32w32_L12 2337.2 2327.4 2.00
2 k1x9_c256_h8w8_L4 211.8 197.6 0.00
2 k1x9_c256_h8w8_L12 368.8 357.8 0.00
2 k1x9_c256_h8w32_L4 230.6 220.2 0.00
2 k1x9_c256_h8w32_L12 366.8 357.8 0.00
2 k1x9_c256_h8w128_L4 364.5 350.5 3.17
2 k1x9_c256_h8w128_L12 776.5 766.7 2.00
2 k1x9_c256_h32w8_L4 399.2 373.3 3.10
2 k1x9_c256_h32w8_L12 772.5 763.5 2.00
2 k1x9_c256_h128w8_L4 576.4 570.0 2.00
2 k1x9_c256_h128w8_L12 1188.5 1179.5 2.00
2 k9x1_c256_h8w8_L4 183.7 162.2 0.00
2 k9x1_c256_h8w8_L12 242.8 231.0 0.00
2 k9x1_c256_h8w32_L4 223.3 214.8 0.00
2 k9x1_c256_h8w32_L12 359.9 347.3 0.00
2 k9x1_c256_h8w128_L4 355.0 341.6 3.23
2 k9x1_c256_h8w128_L12 818.5 803.2 2.00
2 k9x1_c256_h32w8_L4 267.8 261.0 0.00
2 k9x1_c256_h32w8_L12 369.5 357.4 0.00
2 k9x1_c256_h128w8_L4 447.7 428.9 3.17
2 k9x1_c256_h128w8_L12 894.0 883.7 2.00
2 k3x3_c256_h8w8_L4 185.5 163.5 0.00
2 k3x3_c256_h8w8_L12 242.6 232.0 0.00
2 k3x3_c256_h8w32_L4 216.8 204.3 0.00
2 k3x3_c256_h8w32_L12 296.0 284.6 0.00
2 k3x3_c256_h8w128_L4 316.0 302.1 3.28
2 k3x3_c256_h8w128_L12 511.1 498.5 3.01
2 k3x3_c256_h32w8_L4 247.4 239.8 0.00
2 k3x3_c256_h32w8_L12 313.8 303.2 0.00
2 k3x3_c256_h128w8_L4 401.1 378.9 3.18
2 k3x3_c256_h128w8_L12 664.1 652.8 2.00
