### 第 1 轮
d1_k1_c1024_h32w32_L16_f16 1321.0 1309.0 2.01 2.01 1340.6
d1_k1_c1024_h32w32_L16_q8 906.5 876.8 2.01 2.01 914.9
d1_k1_c1024_h32w32_L4_f16 483.2 452.9 3.01 3.00 492.0
d1_k1_c1024_h32w32_L4_q8 417.2 390.6 3.14 3.04 424.0
d1_k1_c2048_h16w16_L16_f16 1555.1 1534.0 2.01 2.01 1580.2
d1_k1_c2048_h16w16_L16_q8 1280.1 1252.6 2.03 0.00 1286.9
d1_k1_c2048_h16w16_L4_f16 624.9 589.8 2.23 2.20 635.4
d1_k1_c2048_h16w16_L4_q8 545.5 522.9 3.01 0.00 549.4
d1_k1_c2048_h32w32_L16_f16 4568.2 4550.1 2.01 2.01 4611.6
d1_k1_c2048_h32w32_L16_q8 3867.8 3848.9 2.14 2.13 3883.4
d1_k1_c2048_h32w32_L4_f16 1472.3 1458.4 2.01 2.01 1495.4
d1_k1_c2048_h32w32_L4_q8 1336.9 1307.0 2.01 2.01 1345.2
d1_k1_c512_h64w64_L16_f16 1288.2 1275.4 2.01 2.01 1298.2
d1_k1_c512_h64w64_L16_q8 948.9 915.0 2.01 2.01 957.4
d1_k1_c512_h64w64_L4_f16 500.0 478.7 3.03 2.99 508.1
d1_k1_c512_h64w64_L4_q8 4207.4 3819.0 5.99 5.99 2961.3
d2_k3_c512_h32w32_L16_f16 3059.0 3044.8 2.03 2.02 3066.8
d2_k3_c512_h32w32_L16_q8 1769.8 1738.2 2.01 2.01 1780.9
d2_k3_c512_h32w32_L4_f16 1068.9 921.7 2.12 2.11 1051.5
d2_k3_c512_h32w32_L4_q8 669.0 640.5 2.01 2.01 683.3
### 第 2 轮
d1_k1_c1024_h32w32_L16_f16 1322.0 1305.3 2.03 2.02 1328.0
d1_k1_c1024_h32w32_L16_q8 908.3 878.1 2.01 2.01 917.2
d1_k1_c1024_h32w32_L4_f16 464.3 452.2 3.01 3.00 484.3
d1_k1_c1024_h32w32_L4_q8 417.7 395.0 3.18 3.08 425.3
d1_k1_c2048_h16w16_L16_f16 1551.3 1531.9 2.01 2.01 1579.9
d1_k1_c2048_h16w16_L16_q8 1288.3 1250.0 2.04 0.00 1287.6
d1_k1_c2048_h16w16_L4_f16 630.2 614.8 2.01 2.01 645.6
d1_k1_c2048_h16w16_L4_q8 538.8 521.8 3.01 0.00 545.9
d1_k1_c2048_h32w32_L16_f16 4557.8 4541.7 2.01 2.01 4605.3
d1_k1_c2048_h32w32_L16_q8 3878.5 3851.7 2.01 2.01 3895.5
d1_k1_c2048_h32w32_L4_f16 1467.5 1454.2 2.01 2.01 1485.3
d1_k1_c2048_h32w32_L4_q8 1317.6 1296.6 2.01 2.01 1334.6
d1_k1_c512_h64w64_L16_f16 1286.8 1275.7 2.01 2.01 1300.8
d1_k1_c512_h64w64_L16_q8 950.5 917.5 2.01 2.01 957.5
d1_k1_c512_h64w64_L4_f16 501.1 484.9 3.04 2.98 507.3
d1_k1_c512_h64w64_L4_q8 4394.9 3825.6 5.94 5.96 2967.9
d2_k3_c512_h32w32_L16_f16 3060.0 3046.0 2.01 2.01 3072.6
d2_k3_c512_h32w32_L16_q8 1769.5 1737.8 2.01 2.01 1777.9
d2_k3_c512_h32w32_L4_f16 1069.2 1056.5 2.01 2.01 1079.3
d2_k3_c512_h32w32_L4_q8 668.9 636.9 2.01 2.01 683.2
