### 第 1 轮
pe_add_c256_h32w32_L16 256.5 238.8 3.02 3.05 267.4
pe_add_c256_h32w32_L64 599.7 561.4 2.54 2.55 612.6
pe_add_c256_h64w64_L16 600.9 591.1 2.01 2.01 618.0
pe_add_c256_h64w64_L64 1624.0 1614.8 2.01 2.01 1637.6
pe_add_c64_h32w32_L16 31.9 30.4 0.00 0.00 9.1
pe_add_c64_h32w32_L64 244.2 229.9 3.01 2.99 256.1
pe_am_c256_h32w32_L16 255.3 237.2 3.02 3.01 265.3
pe_am_c256_h32w32_L64 611.0 585.3 2.43 2.42 629.6
pe_am_c256_h64w64_L16 601.1 591.8 2.01 2.01 618.6
pe_am_c256_h64w64_L64 1620.5 1485.0 2.15 2.15 1617.0
pe_am_c64_h32w32_L16 31.8 30.0 0.00 0.00 6.9
pe_am_c64_h32w32_L64 245.5 229.1 3.01 3.01 257.8
pe_mul_c256_h32w32_L16 258.2 241.8 3.02 3.04 266.9
pe_mul_c256_h32w32_L64 613.1 585.7 2.44 2.44 631.0
pe_mul_c256_h64w64_L16 601.6 593.2 2.01 2.01 620.6
pe_mul_c256_h64w64_L64 1622.2 1612.8 2.01 2.01 1636.2
pe_mul_c64_h32w32_L16 213.3 185.2 2.44 2.12 225.6
pe_mul_c64_h32w32_L64 244.4 226.9 3.02 3.01 253.3
### 第 2 轮
pe_add_c256_h32w32_L16 257.4 240.2 3.02 3.06 267.3
pe_add_c256_h32w32_L64 617.1 585.0 2.43 2.43 640.5
pe_add_c256_h64w64_L16 601.2 592.1 2.01 2.01 619.0
pe_add_c256_h64w64_L64 1620.8 1612.2 2.01 2.01 1636.0
pe_add_c64_h32w32_L16 32.1 31.0 0.00 0.00 7.7
pe_add_c64_h32w32_L64 245.3 229.3 3.01 3.01 256.9
pe_am_c256_h32w32_L16 260.2 239.2 3.02 3.03 270.8
pe_am_c256_h32w32_L64 607.5 584.8 2.41 2.41 625.0
pe_am_c256_h64w64_L16 598.7 591.2 2.01 2.01 610.2
pe_am_c256_h64w64_L64 1620.2 1612.3 2.01 2.01 1633.4
pe_am_c64_h32w32_L16 31.7 31.0 0.00 0.00 7.0
pe_am_c64_h32w32_L64 245.8 228.9 3.01 3.01 255.8
pe_mul_c256_h32w32_L16 258.3 239.5 3.02 3.03 266.6
pe_mul_c256_h32w32_L64 600.1 583.0 2.28 2.28 618.3
pe_mul_c256_h64w64_L16 601.9 592.2 2.01 2.01 618.9
pe_mul_c256_h64w64_L64 1622.9 1595.3 2.02 2.02 1632.2
pe_mul_c64_h32w32_L16 212.0 182.3 2.38 2.13 222.0
pe_mul_c64_h32w32_L64 248.0 228.3 3.02 3.00 257.0
