k1_c512_h1w16_L96_u 525.8 497.0 2.79 0.00
k1_c512_h1w16_L98_u 544.0 532.6 2.70 0.00
k1_c512_h1w16_L100_u 579.0 571.7 2.01 0.00
k1_c512_h1w16_L102_u 585.6 579.1 2.01 0.00
k1_c512_h1w16_L104_u 601.5 589.2 2.01 0.00
k1_c512_h1w16_L106_u 599.2 592.8 2.01 0.00
k1_c512_h1w16_L108_u 607.9 599.8 2.01 0.00
k1_c512_h1w16_L110_u 614.0 604.6 2.01 0.00
k1_c512_h1w16_L112_u 619.2 613.7 2.01 0.00
k1_c512_h1w16_L114_u 630.0 621.6 2.01 0.00
k1_c512_h1w16_L116_u 634.1 627.3 2.01 0.00
k1_c512_h1w16_L118_u 660.2 635.7 2.01 0.00
k1_c512_h1w16_L120_u 699.7 643.0 2.01 0.00
k1_c512_h1w16_L96_u 512.7 507.0 2.98 0.00
k1_c512_h1w16_L98_u 568.8 539.3 2.18 0.00
k1_c512_h1w16_L100_u 578.9 572.4 2.01 0.00
k1_c512_h1w16_L102_u 586.0 579.6 2.01 0.00
k1_c512_h1w16_L104_u 591.5 584.6 2.01 0.00
k1_c512_h1w16_L106_u 599.4 593.2 2.01 0.00
k1_c512_h1w16_L108_u 608.0 601.9 2.01 0.00
k1_c512_h1w16_L110_u 613.9 605.0 2.01 0.00
k1_c512_h1w16_L112_u 619.0 612.5 2.01 0.00
k1_c512_h1w16_L114_u 627.8 621.7 2.01 0.00
k1_c512_h1w16_L116_u 653.5 628.3 2.01 0.00
k1_c512_h1w16_L118_u 647.2 636.1 2.01 0.00
k1_c512_h1w16_L120_u 698.2 644.0 2.01 0.00
