k1_c256_h1w16_L64_u 192.5 182.1 3.01 0.00
k1_c256_h1w16_L192_u 316.9 311.5 3.02 0.00
k1_c512_h1w16_L32_u 262.1 252.1 3.17 0.00
k1_c512_h1w16_L96_u 515.6 507.7 2.95 0.00
k1_c1024_h1w16_L8_u 266.3 255.5 3.16 0.00
k1_c1024_h1w16_L24_u 541.0 527.8 2.84 0.00
k1_c2048_h1w16_L2_u 267.9 254.9 3.18 0.00
k1_c2048_h1w16_L6_u 518.2 510.6 2.94 0.00
k1_c256_h1w16_L64_u 195.1 182.0 2.98 0.00
k1_c256_h1w16_L192_u 326.3 316.5 3.08 0.00
k1_c512_h1w16_L32_u 264.0 252.8 3.19 0.00
k1_c512_h1w16_L96_u 527.5 508.5 2.90 0.00
k1_c1024_h1w16_L8_u 265.3 255.7 3.19 0.00
k1_c1024_h1w16_L24_u 515.6 509.0 3.00 0.00
k1_c2048_h1w16_L2_u 273.8 258.9 3.34 0.00
k1_c2048_h1w16_L6_u 516.7 509.0 2.99 0.00
