k3x3_c512_h8w8_L3 241.8 237.0 3.28 0.00
k3x3_c512_h8w32_L3_u 287.3 277.0 3.19 0.00
k3x3_c512_h8w8_L9 451.5 447.0 3.03 0.00
k3x3_c512_h8w32_L9_u 593.8 586.6 2.01 0.00
k1x9_c512_h8w8_L3 372.5 361.8 3.12 0.00
k1x9_c512_h8w32_L3_u 365.5 358.0 3.15 0.00
k1x9_c512_h8w8_L9 937.5 929.3 2.01 0.00
k1x9_c512_h8w32_L9_u 934.2 925.4 2.01 0.00
k9x1_c512_h8w8_L3 253.9 246.7 3.19 0.00
k9x1_c512_h8w32_L3_u 349.4 336.5 3.14 0.00
k9x1_c512_h8w8_L9 452.2 446.1 3.11 0.00
k9x1_c512_h8w32_L9_u 870.4 859.2 2.01 0.00
k3x3_c512_h8w8_L3 254.7 246.1 3.22 0.00
k3x3_c512_h8w32_L3_u 290.5 280.6 3.13 0.00
k3x3_c512_h8w8_L9 452.7 446.1 3.06 0.00
k3x3_c512_h8w32_L9_u 594.4 587.0 2.01 0.00
k1x9_c512_h8w8_L3 373.1 364.5 3.16 0.00
k1x9_c512_h8w32_L3_u 364.7 354.9 3.13 0.00
k1x9_c512_h8w8_L9 939.5 930.7 2.01 0.00
k1x9_c512_h8w32_L9_u 933.6 925.0 2.01 0.00
k9x1_c512_h8w8_L3 254.5 247.3 3.20 0.00
k9x1_c512_h8w32_L3_u 348.8 341.7 3.16 0.00
k9x1_c512_h8w8_L9 451.1 446.0 3.01 0.00
k9x1_c512_h8w32_L9_u 869.4 861.4 2.01 0.00
