k3x3_c512_h8w8_L3_u 253.4 244.8 3.16 0.00
k3x3_c512_h8w8_L9_u 451.9 445.5 3.06 0.00
k1x9_c512_h8w8_L3_u 373.2 363.7 3.14 0.00
k1x9_c512_h8w8_L9_u 938.2 929.0 2.01 0.00
k9x1_c512_h8w8_L3_u 253.2 246.1 3.23 0.00
k9x1_c512_h8w8_L9_u 452.1 444.3 3.10 0.00
k1_c1536_h8w8_L3_u 281.8 273.5 3.21 0.00
k1_c1536_h8w8_L9_u 481.1 473.7 3.02 0.00
k3x3_c512_h8w8_L3_u 254.1 246.1 3.19 0.00
k3x3_c512_h8w8_L9_u 452.0 446.2 3.02 0.00
k1x9_c512_h8w8_L3_u 372.3 362.8 3.13 0.00
k1x9_c512_h8w8_L9_u 938.5 930.5 2.01 0.00
k9x1_c512_h8w8_L3_u 253.6 244.5 3.23 0.00
k9x1_c512_h8w8_L9_u 453.1 447.1 3.07 0.00
k1_c1536_h8w8_L3_u 284.0 274.1 3.20 0.00
k1_c1536_h8w8_L9_u 481.8 473.3 3.16 0.00
