34
k1_c256_h1w1024_L32 328.2 297.2 3.47 3.33
k1_c256_h1w1024_L96 673.7 655.7 2.06 2.06
k1_c256_h1w2048_L32 425.2 417.0 3.10 3.10
k1_c256_h1w2048_L96 1037.3 1027.2 2.12 2.13
k1_c256_h1w4096_L32 904.9 890.7 2.01 2.01
k1_c256_h1w4096_L96 2117.7 2107.8 2.01 2.01
k1_c256_h1w6144_L32 1035.0 1022.5 2.01 2.01
k1_c256_h1w6144_L96 2394.8 2382.8 2.03 2.03
k1_c256_h1w8192_L32 1412.0 1396.5 2.01 2.01
k1_c256_h1w8192_L96 3501.7 3440.2 3.53 3.54
k1_c256_h1w12288_L32 1860.0 1852.3 2.01 2.01
k1_c256_h1w12288_L96 4931.8 4897.7 2.34 2.37
k1_c256_h1w16384_L32 2324.2 2312.4 2.15 2.15
k1_c256_h1w16384_L96 6259.3 6244.7 2.14 2.14
k1_c256_h1w24576_L32 3263.6 3249.6 2.01 2.01
k1_c256_h1w24576_L96 8992.3 8974.2 2.05 2.05
k1_c256_h1w32768_L32 4094.9 4082.7 2.01 2.01
k1_c256_h1w32768_L96 11392.2 11370.2 2.01 2.01
k1_c512_h1w128_L4_u 180.7 172.0 1.99 0.00
k1_c512_h1w128_L4 178.7 170.7 2.00 0.00
k1_c512_h1w128_L8_u 181.9 174.2 2.07 0.00
k1_c512_h1w128_L8 181.5 173.8 2.03 0.00
k1_c512_h1w128_L12_u 207.9 192.5 2.86 0.00
k1_c512_h1w128_L12 203.2 190.8 2.79 0.00
k1_c512_h1w128_L16_u 216.1 203.2 3.06 0.00
k1_c512_h1w128_L16 216.5 203.9 3.01 0.00
k1_c512_h1w128_L24_u 219.5 212.6 3.22 0.00
k1_c512_h1w128_L24 218.1 211.0 3.10 0.00
k1_c512_h1w128_L32_u 265.6 258.8 3.03 0.00
k1_c512_h1w128_L32 263.4 255.9 3.02 0.00
k1_c512_h1w128_L48_u 326.2 318.0 3.09 0.00
k1_c512_h1w128_L48 323.0 312.6 3.04 0.00
k1_c512_h1w128_L64_u 383.7 375.5 3.06 0.00
k1_c512_h1w128_L64 381.0 367.5 3.03 0.00
k1_c512_h1w128_L96_u 548.0 522.6 2.69 0.00
k1_c512_h1w128_L96 502.6 489.5 3.01 0.00
