22
k1_c512_h1w16_L4_u 42.8 42.1 0.00 0.00
k1_c512_h1w16_L4 42.6 41.5 0.00 0.00
k1_c512_h1w16_L8_u 60.7 57.7 0.00 0.00
k1_c512_h1w16_L8 60.9 57.9 0.00 0.00
k1_c512_h1w16_L12_u 77.1 74.2 0.00 0.00
k1_c512_h1w16_L12 77.2 74.2 0.00 0.00
k1_c512_h1w16_L16_u 195.3 178.8 3.02 0.00
k1_c512_h1w16_L16 162.8 151.3 1.99 0.00
k1_c512_h1w16_L24_u 219.2 207.2 3.16 0.00
k1_c512_h1w16_L24 163.3 153.0 2.00 0.00
k1_c512_h1w16_L32_u 263.9 254.4 3.04 0.00
k1_c512_h1w16_L32 163.8 154.0 2.10 0.00
k1_c512_h1w16_L40_u 297.8 289.0 3.04 0.00
k1_c512_h1w16_L40 175.8 162.7 2.48 0.00
k1_c512_h1w16_L48_u 324.4 315.8 3.10 0.00
k1_c512_h1w16_L48 180.3 167.8 2.74 0.00
k1_c512_h1w16_L64_u 381.8 373.4 3.04 0.00
k1_c512_h1w16_L64 195.0 181.0 3.03 0.00
k1_c512_h1w16_L96_u 513.4 505.1 2.99 0.00
k1_c512_h1w16_L96 229.2 220.9 3.08 0.00
k1_c512_h1w16_L128_u 732.5 724.5 2.01 0.00
k1_c512_h1w16_L128 270.9 261.2 3.02 0.00
