sum1 250.8 237.7 3.46 3.62 260.4
sum2 327.0 314.4 3.50 3.37 336.5
sum3 378.7 358.2 3.67 3.81 387.6
sum4 409.3 396.7 3.68 3.83 418.8
sum5 583.9 458.5 3.29 3.25 964.3
sum6 517.4 488.3 3.04 3.00 626.0
sum7 585.1 543.8 2.53 2.53 707.7
sum8 624.4 604.0 2.36 2.33 636.5
sum1 255.2 240.0 3.44 3.41 263.6
sum2 328.3 314.2 3.51 3.59 337.2
sum3 376.8 360.0 3.72 3.57 387.2
sum4 411.9 399.5 3.69 3.70 421.3
sum5 454.7 435.5 3.67 3.76 463.6
sum6 495.5 484.3 3.82 3.60 504.8
sum7 587.3 551.2 2.59 2.63 706.2
sum8 619.5 602.5 2.47 2.45 629.5
