k1_c512_h1w16_L64_u 382.7 374.4 3.10 0.00
k1_c512_h1w16_L96_u 513.7 507.2 2.97 0.00
k1_c512_h1w16_L112_u 619.3 611.4 2.00 0.00
k1_c512_h1w16_L128_u 734.6 726.7 2.00 0.00
k1_c512_h1w16_L160_u 882.9 875.8 2.00 0.00
k1_c512_h1w16_L192_u 993.1 985.9 2.00 0.00
k1_c512_h1w16_L64_u 381.5 372.2 3.13 0.00
k1_c512_h1w16_L96_u 514.8 507.5 2.96 0.00
k1_c512_h1w16_L112_u 618.3 612.1 2.01 0.00
k1_c512_h1w16_L128_u 733.5 725.4 2.00 0.00
k1_c512_h1w16_L160_u 882.1 874.3 2.00 0.00
k1_c512_h1w16_L192_u 993.5 985.5 2.00 0.00
