147.88
147.64
147.41
148.27
147.45
146.77
147.82
147.21
147.69
144.94
148.02
146.97
148.10
146.39
147.82
147.01
145.94
147.84
148.43
147.99
147.13
146.66
148.58
146.21
147.55
147.07
147.84
145.30
147.42
147.55
148.06
147.40
148.31
147.71
147.65
142.75
148.13
147.28
148.35
146.26
146.98
147.09
147.41
145.00
109.73
147.32
146.11
145.97
146.53
146.11
146.49
145.97
146.02
146.86
146.27
145.84
146.67
145.69
146.01
146.57
145.82
146.41
142.31
146.07
145.89
146.37
146.69
145.65
145.70
145.17
145.65
146.29
146.82
147.25
146.49
146.01
146.93
146.31
146.46
145.76
146.13
145.81
146.30
145.89
145.51
146.29
146.70
146.73
146.23
144.06
143.40
143.51
128.08
131.05
131.37
144.13
144.63
139.54
123.62
129.39
132.04
145.22
146.29
146.19
146.02
146.45
146.27
146.13
146.09
146.45
145.90
146.45
146.30
146.05
145.73
145.61
145.93
146.89
145.49
146.59
145.66
146.33
146.33
145.02
145.86
145.65
145.97
146.10
146.51
145.95
146.41
143.56
145.49
146.57
145.61
146.19
146.41
146.53
145.63
146.49
146.25
145.17
146.25
145.89
145.18
146.61
145.65
146.53
146.29
146.06
145.10
109.72
145.22
145.69
145.01
146.13
145.26
145.55
145.77
145.80
146.22
145.85
145.70
145.81
145.86
145.57
145.61
145.36
145.69
141.62
140.74
141.83
144.33
145.93
144.27
144.77
142.48
142.14
144.48
144.44
140.99
143.75
146.10
145.61
145.35
145.38
145.77
145.69
145.14
145.14
146.09
146.17
146.09
145.35
144.89
145.41
145.56
146.41
146.27
145.97
145.38
146.25
145.30
145.77
141.69
110.33
145.49
142.67
145.17
136.61
126.53
128.73
138.42
144.71
144.87
137.33
128.78
129.37
139.69
145.41
145.97
145.99
145.40
145.65
145.45
145.48
143.69
143.66
146.09
145.51
143.28
145.35
146.62
145.88
143.66
144.70
144.51
145.43
146.09
145.69
146.14
145.34
145.36
146.05
146.21
142.67
145.09
144.87
145.69
146.17
145.92
144.98
145.65
145.81
145.57
145.52
145.34
142.39
111.55
145.78
145.34
145.43
145.36
145.85
145.80
145.18
145.18
145.30
145.30
145.17
145.41
146.05
145.34
145.74
144.35
145.97
145.38
146.01
145.63
145.80
145.82
145.90
145.24
144.44
145.18
145.68
145.73
146.10
145.65
145.47
145.48
145.84
145.30
145.81
146.39
144.75
143.65
138.18
127.39
129.30
137.59
144.51
144.68
134.96
128.81
128.93
142.07
146.33
145.88
146.33
141.84
120.32
145.55
145.31
145.99
146.03
145.17
145.57
145.30
145.48
146.19
145.06
146.41
145.85
145.15
145.73
146.57
145.10
145.65
145.56
145.70
145.24
145.81
145.86
145.55
145.73
145.20
145.41
145.34
143.86
145.78
145.89
145.76
144.75
141.62
142.65
141.80
142.22
139.48
139.79
140.74
141.17
145.30
143.86
144.24
145.02
144.98
143.10
140.65
143.84
144.35
143.89
144.48
141.17
138.33
111.47
143.23
143.93
143.89
142.80
144.22
144.55
143.77
143.61
141.69
143.74
140.91
141.33
144.50
144.22
143.47
145.02
144.07
144.89
143.43
143.64
143.01
139.74
142.95
139.33
138.08
134.97
145.10
144.55
145.43
145.69
144.51
145.61
145.89
145.34
145.26
144.83
145.39
145.02
146.02
145.45
145.49
145.20
145.00
143.05
145.90
143.05
143.52
144.75
127.40
128.95
126.81
137.94
111.28
141.78
127.65
128.93
133.14
144.87
144.83
145.49
144.87
145.61
145.53
145.07
145.41
144.67
144.85
145.03
144.62
145.05
145.63
145.45
143.70
145.14
145.36
144.44
140.15
145.73
145.05
146.09
145.26
145.93
144.87
145.63
144.90
145.66
145.02
144.68
144.88
145.26
144.75
146.15
145.01
145.31
145.07
144.51
145.09
145.53
145.34
145.59
145.05
145.77
144.71
145.24
108.98
144.98
144.74
145.30
145.36
145.34
145.63
145.24
145.56
144.66
145.49
144.33
144.89
144.71
145.22
144.48
145.98
145.51
145.65
144.72
145.00
144.36
145.28
144.59
144.40
144.38
145.22
145.34
144.15
142.26
127.38
128.70
129.09
143.70
145.44
142.99
128.13
128.93
132.14
144.45
145.48
145.27
145.02
145.40
145.22
145.11
145.38
144.37
144.79
145.34
145.73
145.81
143.59
109.16
145.49
145.53
145.10
145.47
146.05
145.63
145.65
145.05
145.36
145.18
145.57
145.55
144.55
145.73
146.13
145.48
144.02
145.82
145.47
145.31
145.41
144.94
144.70
144.90
145.06
144.70
145.61
145.39
145.49
145.49
145.06
145.97
145.39
145.26
145.82
145.30
145.14
145.06
137.98
140.65
142.04
144.63
141.36
134.45
139.21
135.54
131.33
137.48
143.93
144.01
144.77
140.80
138.80
112.86
145.18
145.13
144.44
145.17
145.65
144.36
145.51
145.41
144.97
144.24
145.34
145.26
144.24
145.18
144.77
145.09
145.18
144.75
144.80
145.57
144.53
145.20
145.26
144.90
144.31
144.36
145.48
144.66
145.68
143.20
145.06
145.07
144.98
144.66
144.85
145.38
144.32
144.72
144.97
145.06
141.36
143.96
139.27
122.78
125.99
136.02
143.40
143.43
137.28
128.35
126.77
132.16
122.99
144.67
144.98
144.90
145.32
144.72
144.85
144.81
144.70
145.61
144.33
145.03
145.47
145.43
145.10
145.30
144.55
144.94
143.71
141.72
141.27
144.13
140.97
144.36
142.78
142.22
142.91
145.61
145.02
145.38
145.11
145.93
145.28
144.48
144.79
145.27
144.87
145.18
144.94
144.62
145.35
145.06
145.07
145.34
144.83
144.89
145.41
145.22
144.87
145.18
145.03
144.83
142.18
108.88
145.68
145.23
146.01
145.05
145.53
145.18
144.87
145.18
144.75
144.48
145.57
145.02
144.90
144.26
145.47
144.32
145.43
145.61
144.59
144.32
145.53
145.02
144.77
144.26
144.55
144.92
144.70
145.48
144.31
144.68
144.62
145.32
144.92
144.59
144.94
144.72
145.69
144.75
144.84
144.49
145.03
145.44
144.51
145.07
145.66
144.02
144.79
144.61
142.68
141.51
144.54
129.49
97.23
130.72
142.18
144.79
141.94
127.68
128.87
130.86
144.94
144.80
145.03
145.60
145.05
145.81
145.02
145.06
144.98
144.61
145.22
144.93
144.44
145.52
145.11
144.96
145.02
144.17
145.30
145.26
145.98
145.09
144.59
144.37
142.48
145.39
144.71
145.41
144.63
145.74
144.83
145.38
145.34
145.27
145.10
145.14
145.31
144.79
144.36
145.41
144.14
145.49
143.74
143.01
144.15
108.88
145.15
145.45
144.80
145.01
145.36
145.38
145.22
144.92
145.97
144.64
144.44
145.82
144.66
146.15
144.75
145.34
145.45
144.74
142.53
145.14
145.27
145.17
145.68
145.47
144.64
141.65
141.43
126.79
128.32
132.58
140.71
144.64
138.39
128.00
124.28
136.82
143.98
144.53
145.36
144.72
145.31
145.30
144.72
145.22
144.51
144.35
145.36
145.36
145.47
144.88
145.27
142.46
107.22
145.68
144.51
144.98
144.58
144.71
144.67
145.06
145.06
145.00
144.36
144.66
145.49
145.35
144.63
144.83
144.94
144.83
144.02
143.96
145.06
144.28
144.51
144.90
143.42
145.74
143.63
144.48
144.74
144.72
145.23
141.51
144.01
144.51
145.06
145.05
144.45
144.63
144.76
144.20
145.14
144.59
143.78
145.70
143.93
144.79
144.74
144.51
144.72
144.90
144.63
144.83
143.95
143.13
109.76
145.14
144.67
144.87
144.94
144.67
144.80
144.89
144.32
145.19
145.10
144.35
145.28
143.92
145.36
144.58
144.89
144.28
145.02
145.22
145.65
145.18
144.55
145.01
145.38
144.11
145.02
144.23
145.18
145.24
145.95
144.13
145.02
144.19
144.54
144.87
145.26
144.90
142.52
142.80
142.10
126.83
128.52
129.93
142.77
144.49
142.90
127.66
129.47
132.53
145.41
145.17
141.77
110.35
144.74
144.98
144.97
145.26
144.62
144.71
144.28
145.01
144.02
145.06
145.10
144.79
144.81
144.81
144.44
145.28
143.00
145.23
144.90
145.74
144.27
143.83
144.70
144.63
144.71
145.38
145.48
142.26
145.14
144.79
145.06
145.01
143.98
145.22
144.51
145.01
144.00
144.92
144.18
145.70
144.98
144.75
144.55
144.79
140.65
143.54
143.74
144.98
144.35
145.77
144.67
145.06
108.61
143.91
144.63
144.37
142.82
144.63
145.49
143.47
145.45
144.53
144.83
144.55
144.67
144.71
144.24
144.87
145.48
144.70
145.38
144.48
145.14
144.79
145.34
144.46
144.85
144.54
144.94
144.15
145.09
144.32
144.98
144.72
144.61
144.28
145.82
145.06
145.49
144.74
144.90
144.23
144.88
145.39
145.14
144.02
145.15
143.97
142.90
142.19
144.88
129.89
128.75
126.92
137.61
107.70
140.65
127.22
127.89
133.02
144.55
144.90
144.68
144.01
144.10
144.13
144.92
144.90
144.19
144.79
142.96
145.47
144.98
145.01
143.43
144.04
144.36
144.70
144.87
144.71
142.77
143.52
145.35
144.11
145.00
144.54
144.90
140.33
137.40
138.85
144.62
144.67
144.24
144.20
144.67
144.20
144.93
144.20
145.39
145.34
144.64
143.97
144.71
144.97
145.03
144.10
144.24
142.91
107.24
145.02
144.67
144.71
145.35
144.55
144.49
144.98
144.54
144.55
144.68
144.55
145.57
143.93
145.49
144.46
144.75
143.93
144.36
144.80
144.50
144.40
144.85
145.14
145.97
144.07
144.96
144.44
142.67
139.30
126.81
127.67
130.46
142.73
144.22
138.56
127.19
127.52
134.20
143.78
145.07
145.30
144.72
144.87
145.30
144.96
143.88
144.09
144.28
143.98
144.75
144.04
141.47
108.38
145.32
144.13
144.90
144.50
144.55
143.93
145.35
144.32
144.63
143.86
144.80
144.28
144.50
142.75
144.42
144.79
145.06
144.71
144.10
143.83
144.09
145.27
142.82
141.87
144.80
144.17
145.03
144.02
144.48
145.06
144.71
145.15
144.51
144.40
145.22
144.59
145.76
143.92
144.96
144.89
144.66
144.13
144.88
144.06
142.29
144.83
145.07
144.29
144.32
144.11
144.67
144.14
109.50
145.22
145.14
144.38
145.28
145.30
145.38
144.87
144.79
144.89
144.62
145.45
145.48
144.97
144.87
145.06
143.92
143.50
145.26
144.35
144.51
144.50
144.87
143.23
145.69
144.22
143.91
144.70
144.55
145.27
144.28
144.48
145.18
143.86
144.54
144.70
145.22
144.20
142.33
143.80
132.63
126.77
126.87
139.53
144.79
143.70
130.34
130.00
127.89
144.55
144.59
144.31
142.33
108.41
145.34
144.89
144.76
144.49
144.51
144.28
144.62
143.70
145.22
144.11
144.93
144.57
144.71
145.30
145.01
144.49
145.22
143.98
144.84
144.13
144.83
144.20
145.38
142.78
145.02
144.23
145.01
143.89
145.39
145.24
144.57
144.36
144.58
144.44
144.75
144.23
144.59
143.96
144.46
144.90
144.28
144.01
144.38
144.20
145.02
144.50
144.80
144.09
144.63
143.78
144.92
144.36
108.88
145.45
144.51
145.30
144.51
145.15
144.58
144.55
144.37
144.88
145.01
144.55
145.30
144.44
145.09
145.63
144.36
145.07
144.37
144.61
144.90
144.80
144.40
145.20
144.23
145.41
143.24
144.23
144.53
144.87
145.03
145.41
145.60
144.72
144.51
145.45
144.76
144.67
144.40
145.49
144.68
144.70
144.28
145.26
144.67
144.36
143.92
144.70
143.89
142.81
143.20
127.99
128.64
98.85
142.52
143.60
140.76
127.66
128.99
131.38
144.98
144.97
144.55
144.46
144.32
143.80
144.20
144.32
145.02
144.87
144.94
144.81
145.65
145.03
145.82
144.54
144.94
144.35
145.15
143.47
144.55
144.72
145.06
145.10
140.89
145.20
144.32
144.61
144.98
143.74
144.58
144.57
144.77
144.51
144.49
144.28
144.88
143.93
145.05
144.67
145.65
143.68
144.93
144.81
145.45
144.04
142.60
110.60
144.55
144.98
144.53
144.59
144.48
144.53
145.34
145.18
144.98
145.14
145.19
145.39
144.48
144.54
144.67
145.32
144.79
145.26
144.70
145.31
143.92
145.30
144.20
144.71
144.87
143.91
142.43
128.72
128.04
128.59
143.46
145.02
142.67
127.55
127.07
132.72
144.20
145.02
143.97
144.04
144.38
145.24
144.41
144.68
144.66
144.94
144.05
145.19
144.84
145.30
144.55
134.41
144.63
144.54
144.97
144.59
144.89
140.08
143.01
144.62
144.42
144.06
145.14
144.19
144.62
144.71
145.10
144.58
144.75
144.40
144.79
144.40
144.98
144.27
145.27
144.27
143.68
143.14
145.40
145.03
145.57
144.55
144.75
145.06
145.18
144.67
145.44
144.53
145.22
144.51
145.47
144.20
145.14
144.93
144.77
144.59
144.87
144.58
144.94
144.13
145.80
144.05
145.26
144.90
144.61
108.63
144.46
144.66
145.34
144.05
144.33
145.53
144.61
144.15
144.75
144.28
144.90
144.96
144.63
144.27
145.18
144.57
145.05
145.66
145.02
145.26
144.85
145.86
145.14
145.27
144.55
144.75
144.79
143.89
145.34
145.11
144.64
144.68
145.02
145.18
143.63
144.90
144.96
144.64
142.80
142.49
143.65
127.00
127.55
130.53
142.37
144.89
142.17
127.70
128.86
134.53
138.46
129.90
98.01
142.22
144.09
145.01
138.37
134.30
137.94
134.96
133.12
137.35
142.97
143.08
141.74
143.84
142.33
142.63
145.22
141.15
144.05
143.82
144.36
144.40
144.32
144.71
144.85
143.29
141.31
143.78
145.09
144.79
140.14
141.92
144.83
144.45
143.43
144.31
142.85
144.17
141.57
136.33
142.56
144.20
144.42
145.22
145.18
144.59
142.08
136.43
143.25
143.38
143.18
142.57
143.84
144.24
144.26
103.26
143.40
144.17
144.36
144.50
143.95
145.26
143.82
141.80
143.60
144.05
144.24
144.01
143.48
143.13
143.06
144.75
143.32
145.09
142.76
143.68
144.80
140.80
140.36
142.48
145.31
144.92
142.99
144.57
143.51
142.22
141.42
143.43
143.42
143.60
143.60
144.32
142.56
144.66
144.41
145.13
143.68
144.71
144.71
145.22
144.67
144.71
144.37
144.53
143.11
140.32
143.32
135.43
127.16
127.13
131.54
72.64
135.23
125.59
127.19
131.66
139.24
142.97
144.46
143.36
143.95
139.97
143.20
143.29
143.78
125.23
115.93
115.33
115.56
113.03
114.94
109.10
115.26
113.91
115.77
109.18
107.14
93.43
90.51
105.88
106.97
110.25
113.36
97.90
98.97
97.47
96.83
100.63
96.13
96.09
93.07
91.65
91.36
84.84
140.43
139.98
108.24
62.88
126.41
139.22
126.00
87.64
65.66
81.14
83.15
111.93
141.21
140.80
129.37
139.74
137.18
139.81
142.82
141.22
131.73
83.62
119.30
140.42
139.94
134.18
84.85
79.18
75.53
73.59
74.77
122.57
125.35
113.78
142.19
136.43
87.60
117.61
141.36
127.81
109.26
122.84
141.69
115.70
43.31
131.15
131.92
113.91
81.78
75.67
141.15
140.57
116.18
77.07
141.17
142.03
120.62
120.11
113.07
143.55
138.73
143.24
142.49
126.68
75.87
77.66
84.71
139.57
123.87
87.23
94.75
141.55
112.95
77.00
121.80
142.57
108.33
75.79
129.96
141.18
98.23
70.90
142.48
131.46
98.09
51.13
84.63
84.75
84.97
85.37
85.14
84.93
85.20
85.10
78.65
77.53
72.16
85.30
84.78
85.01
84.68
85.30
85.38
78.84
85.22
85.34
85.49
85.50
84.36
83.52
78.80
64.54
76.07
77.80
64.34
68.41
38.92
77.98
77.71
69.48
77.83
70.17
76.64
77.89
63.02
78.73
76.81
78.49
78.65
74.46
74.38
78.42
77.95
73.62
78.86
76.90
62.38
77.56
77.79
74.36
73.65
73.91
73.92
77.67
79.33
40.59
62.74
63.53
78.38
77.80
77.92
73.94
77.84
77.56
74.79
74.47
73.57
73.95
78.07
78.54
72.93
73.99
73.69
74.69
74.98
74.66
79.00
79.16
74.75
78.46
78.18
78.32
74.67
61.68
75.80
71.08
82.36
86.34
98.33
93.16
82.46
88.63
98.65
99.10
101.32
98.23
98.87
97.37
98.74
98.85
98.85
99.05
98.29
99.10
99.13
98.35
99.08
99.18
100.56
117.81
142.95
143.87
144.13
142.82
143.13
143.40
142.86
143.14
143.19
143.77
143.04
144.11
142.82
142.91
143.11
143.08
141.42
116.49
144.09
144.27
144.22
144.09
143.71
143.09
143.48
144.28
143.89
143.97
143.98
143.80
143.92
143.80
143.78
143.98
144.83
144.83
144.01
144.01
144.27
144.35
144.93
144.09
144.66
144.10
144.75
144.35
144.19
143.54
141.23
127.10
128.22
128.24
143.01
144.63
139.09
127.06
128.22
137.58
143.43
143.69
144.76
144.83
144.18
145.13
145.17
144.29
144.89
144.24
144.28
107.25
145.05
143.98
144.49
144.51
144.71
144.23
144.90
143.84
143.93
143.78
144.77
144.71
144.31
144.71
144.38
143.24
145.06
144.44
140.07
141.32
141.13
141.16
144.63
144.05
143.70
144.24
141.24
143.54
145.20
141.85
144.48
143.14
144.59
143.09
143.43
143.52
144.89
144.00
145.02
144.09
144.71
143.03
143.05
141.13
142.78
143.51
143.00
141.36
144.09
143.70
142.86
139.99
137.91
119.12
141.64
140.73
138.12
143.17
143.78
144.06
143.51
145.11
144.64
144.94
143.56
144.62
144.79
144.90
144.59
144.55
143.74
141.73
143.86
144.32
144.59
144.55
144.11
144.68
140.10
145.11
144.44
144.83
143.56
142.58
144.85
144.17
143.97
144.54
144.62
144.92
144.48
145.55
144.17
144.57
144.41
141.85
141.27
144.02
132.87
128.38
125.51
141.93
143.64
141.57
127.23
95.26
129.55
142.97
144.71
144.79
144.84
144.87
143.86
144.83
144.79
145.22
144.76
144.70
144.17
143.65
144.17
144.05
144.94
145.05
144.36
144.35
145.22
144.53
145.01
144.58
144.51
144.71
144.48
145.65
145.43
144.45
144.90
136.07
136.69
142.67
143.86
142.58
144.87
144.24
143.78
144.27
145.48
144.84
144.36
144.48
145.18
144.20
143.97
144.54
144.48
145.34
144.80
142.86
107.69
143.73
144.10
144.57
144.63
144.61
144.06
144.32
144.94
145.36
145.10
144.67
144.04
145.44
144.70
144.92
145.28
144.54
144.63
144.87
144.59
145.49
144.37
144.28
144.44
144.48
143.84
144.49
144.26
145.09
144.64
145.17
144.26
144.59
144.87
144.63
144.97
144.98
144.66
144.46
144.59
144.94
144.59
143.60
144.76
144.58
145.10
144.87
144.80
144.54
144.63
144.54
144.20
108.53
144.85
144.79
141.63
143.83
136.23
124.62
125.70
135.54
144.13
142.95
134.42
128.32
128.10
141.38
144.01
144.40
144.62
143.84
144.49
144.80
145.14
144.28
144.32
143.89
143.70
144.67
144.83
144.67
144.59
143.92
144.79
144.24
144.75
144.74
145.45
144.68
144.38
144.20
144.59
143.34
144.59
143.80
144.51
144.41
144.97
144.87
144.51
143.65
144.67
143.86
144.36
144.36
108.09
144.92
143.82
144.22
144.71
144.23
144.02
144.05
144.59
144.75
144.24
144.18
145.14
144.44
144.41
144.51
143.86
144.92
144.51
144.74
144.74
144.71
145.07
144.09
144.40
145.03
143.68
144.51
144.40
145.18
144.32
143.47
144.53
144.62
144.17
144.51
144.87
142.96
130.40
127.98
127.48
142.97
144.24
143.55
127.97
127.36
127.88
143.78
143.92
144.89
144.24
144.28
142.17
108.35
144.17
145.02
144.46
144.59
144.79
144.72
144.68
143.84
144.88
144.17
144.94
144.74
143.93
141.51
145.24
144.51
144.66
144.40
144.19
144.83
144.59
144.59
145.10
144.90
144.24
144.84
144.59
140.14
144.24
142.18
145.06
144.11
144.89
144.00
145.14
144.81
144.94
144.90
144.57
144.57
144.36
144.40
143.36
144.14
144.67
144.10
144.90
144.97
144.48
144.59
144.50
144.40
108.38
143.97
145.10
143.59
144.23
144.10
144.20
141.93
145.38
144.32
144.80
144.09
144.71
144.63
143.75
141.69
145.45
145.34
144.85
143.29
143.88
143.69
145.02
144.32
143.86
144.41
143.43
143.88
144.93
144.75
144.67
145.13
144.67
144.14
144.89
144.59
145.69
143.88
144.81
144.32
144.46
144.17
144.79
144.44
143.24
144.18
143.91
144.17
142.04
142.22
140.49
127.46
126.70
99.16
142.22
142.24
133.45
127.61
126.67
140.69
143.82
144.70
144.07
140.95
144.20
144.38
145.11
145.18
144.01
144.00
144.06
144.75
144.83
145.22
144.59
144.98
144.32
143.91
143.79
139.45
137.82
136.55
138.12
142.60
144.97
144.61
143.68
142.27
142.58
145.14
144.37
144.49
143.82
144.64
144.33
144.88
144.44
144.09
144.48
144.76
144.93
144.67
144.29
144.29
144.23
142.37
140.03
110.71
139.62
141.01
144.46
142.41
144.54
143.97
144.67
144.97
144.71
144.44
144.17
144.45
144.67
144.83
145.22
145.03
145.02
144.90
144.83
144.24
143.93
144.18
144.24
144.90
141.05
141.63
127.53
128.49
128.63
143.20
144.67
142.75
126.98
129.02
129.18
144.17
143.97
143.88
144.29
142.34
144.87
144.05
145.19
144.09
142.14
143.23
142.52
143.43
144.46
143.96
140.51
105.19
142.63
142.10
135.85
136.75
86.05
97.15
123.27
113.05
99.74
93.47
85.80
85.91
91.91
101.03
115.73
113.09
108.74
96.07
88.50
85.51
87.09
99.27
110.22
111.10
110.17
106.77
95.39
88.62
86.39
86.89
94.55
102.46
110.87
113.03
111.47
102.47
94.85
87.12
86.30
86.97
98.20
78.70
103.66
110.40
111.08
107.60
96.89
88.48
86.38
87.12
98.74
111.46
110.76
111.61
105.01
96.62
89.24
86.43
87.73
98.41
109.92
114.76
109.50
98.19
91.41
86.45
86.31
92.52
103.26
111.34
111.10
107.37
93.97
84.42
75.80
84.44
105.36
112.06
105.37
91.63
85.76
84.20
74.99
85.56
89.53
99.88
107.85
113.62
108.65
98.67
88.20
86.36
86.46
93.67
101.98
111.73
110.44
111.38
104.49
95.53
88.13
85.68
86.37
93.15
96.84
104.13
109.86
110.44
109.48
103.68
95.49
88.10
86.38
87.35
97.19
106.58
113.03
113.89
107.25
96.06
89.00
86.27
72.35
87.07
94.44
102.72
111.38
112.43
110.99
102.77
94.35
86.19
86.19
87.71
96.75
105.53
110.65
111.02
110.01
98.59
89.48
86.26
85.37
95.73
104.19
111.20
112.46
110.85
101.02
93.29
86.26
85.87
88.62
97.44
106.17
111.90
113.30
98.20
88.77
85.32
88.05
101.85
117.97
96.25
71.51
96.89
85.69
80.70
88.49
94.02
114.29
93.66
84.53
85.80
91.41
98.48
110.11
109.92
107.29
101.66
97.38
91.87
86.30
85.20
85.57
85.42
85.34
92.33
105.17
114.64
105.81
104.53
105.13
99.98
93.30
86.36
86.32
89.29
98.17
106.61
113.90
113.47
104.39
92.34
75.20
87.50
86.24
86.55
93.06
101.18
110.83
110.33
111.23
106.14
97.81
89.48
86.31
86.34
91.34
97.38
104.91
112.40
112.69
107.47
98.70
90.33
86.40
85.82
92.58
93.87
96.00
109.31
102.78
91.55
76.14
79.81
99.41
109.95
111.22
111.59
111.57
102.37
94.26
84.92
74.22
86.27
88.24
95.33
105.74
111.18
111.62
111.00
101.18
91.79
86.32
86.48
86.45
93.09
100.86
110.01
110.31
110.09
106.16
96.18
89.15
86.21
86.48
93.54
100.27
112.09
112.75
109.28
98.93
91.34
86.27
86.42
89.02
94.82
104.39
111.13
111.31
107.77
95.55
88.26
75.08
86.17
86.38
92.90
101.42
112.53
110.33
110.22
102.29
94.82
88.27
86.29
87.25
95.66
103.22
111.57
113.64
98.17
89.60
86.01
85.89
94.60
102.63
111.62
110.07
111.18
104.67
96.21
88.76
86.36
86.36
95.80
110.01
112.36
112.27
99.29
89.72
76.78
81.15
98.40
113.84
73.13
95.72
94.65
96.66
86.71
84.20
88.87
100.07
111.62
110.22
111.50
110.30
100.88
92.50
86.32
85.53
86.49
94.98
102.97
110.29
113.25
110.05
101.79
93.80
87.94
86.38
88.69
95.73
103.09
110.26
110.36
110.18
105.77
96.74
89.38
86.45
86.97
94.95
104.29
110.18
108.94
93.35
101.26
94.39
86.45
86.42
86.26
92.56
99.72
109.59
110.56
110.25
107.61
95.99
91.00
86.28
86.33
91.20
97.32
106.05
112.34
111.29
105.08
96.33
87.94
86.21
86.86
93.83
103.42
111.08
110.40
110.14
105.33
96.30
89.26
86.34
86.17
93.34
101.76
110.19
110.15
105.77
91.45
91.18
85.65
77.67
87.76
108.62
111.89
109.35
85.30
76.98
85.71
93.42
100.68
111.38
112.72
110.51
101.13
92.55
85.92
85.68
89.39
98.14
107.23
110.96
111.26
104.71
95.33
88.37
86.27
86.25
91.80
100.36
109.70
111.04
111.50
103.52
95.49
88.15
86.34
85.02
71.30
88.26
93.68
101.72
109.02
113.29
112.36
103.42
95.00
86.96
86.38
86.76
93.90
101.85
109.01
110.24
111.05
107.35
95.92
87.85
86.28
87.60
95.44
103.93
110.04
109.30
111.04
104.33
93.69
83.95
75.49
84.17
103.48
110.01
102.82
96.32
90.02
86.96
86.18
86.92
74.90
92.74
101.77
111.03
112.74
111.62
109.93
101.04
93.30
86.15
86.21
88.17
96.42
105.08
111.36
111.59
109.37
102.18
94.01
85.87
86.19
90.44
98.68
109.55
110.76
110.88
103.54
95.39
88.94
86.33
86.33
92.68
99.33
109.16
110.53
111.13
103.77
95.96
88.62
86.39
85.76
73.62
92.60
99.85
109.28
111.89
111.51
102.81
94.01
86.66
86.44
86.41
92.47
98.86
108.52
110.49
112.00
105.91
96.67
86.56
85.83
91.37
99.34
111.96
110.95
111.41
103.07
94.98
86.62
86.40
86.31
93.80
101.94
111.43
110.82
110.57
103.07
95.00
86.11
85.43
88.62
101.71
70.02
96.15
112.55
100.42
86.06
77.98
81.23
97.03
108.44
105.37
105.89
106.03
100.30
93.32
90.45
86.32
86.24
94.27
103.91
111.20
105.72
111.36
102.52
94.27
87.35
86.28
86.46
91.63
99.42
108.59
110.67
111.21
104.93
94.62
85.98
86.27
90.65
98.53
108.99
109.21
107.78
86.44
94.70
87.95
86.15
86.23
96.17
106.78
109.83
110.44
110.35
102.55
94.55
86.87
86.40
88.32
95.90
106.07
110.67
112.32
104.71
93.85
84.47
79.06
83.55
96.33
115.11
115.55
91.24
81.82
84.21
86.31
92.89
100.17
108.28
110.35
109.66
110.38
106.88
94.29
86.70
75.30
86.13
85.26
87.89
97.99
105.80
109.81
110.82
105.66
96.82
89.50
86.24
87.80
96.06
104.39
111.05
110.83
106.56
95.56
86.16
86.31
88.68
95.78
104.63
111.13
110.76
110.86
101.27
92.49
86.33
86.30
86.27
95.11
103.12
110.92
111.38
111.96
104.88
97.11
88.41
70.63
86.23
86.22
92.30
100.25
109.31
109.68
111.20
111.58
102.59
93.74
86.18
86.45
86.37
92.47
102.45
110.80
110.55
109.71
102.78
94.09
85.58
86.32
89.52
100.92
110.10
109.72
110.13
104.11
95.81
87.42
84.42
78.91
87.20
105.72
116.21
104.97
84.77
77.92
85.86
91.38
70.12
89.46
99.45
108.83
110.26
111.15
105.66
94.55
86.86
86.41
87.91
96.70
107.48
111.46
110.77
104.39
97.42
89.20
86.30
84.40
91.65
99.00
107.24
112.61
112.84
103.81
94.15
86.89
86.27
88.49
96.68
103.98
110.63
109.81
109.82
99.22
92.21
86.27
86.26
88.28
74.76
94.47
102.59
111.00
112.50
110.67
100.84
94.20
88.06
86.21
88.45
96.91
106.92
111.59
110.79
103.11
95.12
86.89
86.32
88.77
96.35
107.42
111.96
114.28
103.83
95.51
89.08
86.27
86.44
88.37
96.47
104.89
112.84
110.08
109.62
99.56
92.39
86.28
84.68
89.02
90.65
69.94
105.35
112.45
110.51
91.71
83.87
84.46
86.16
93.70
102.99
111.42
111.11
110.93
103.52
94.63
87.10
86.41
86.60
94.27
101.14
112.32
110.23
109.66
103.26
92.94
86.96
86.25
86.39
93.16
101.07
110.01
110.92
110.36
109.95
104.80
95.78
88.39
86.41
86.46
92.17
74.73
95.26
97.90
107.50
111.45
110.64
105.21
95.53
88.23
86.07
86.86
93.32
100.88
112.39
110.79
111.28
100.18
92.20
86.39
86.30
91.58
101.99
113.94
111.34
111.73
93.68
77.51
78.09
96.11
103.28
99.19
96.66
101.67
99.60
90.34
86.37
86.47
88.83
97.37
104.97
106.82
77.03
111.18
111.72
110.44
104.99
96.40
88.70
86.34
86.53
94.55
102.22
111.15
110.71
110.86
100.86
90.17
86.23
86.48
88.56
93.39
104.63
112.72
111.45
105.85
94.93
86.95
86.39
85.78
93.92
101.89
110.89
110.92
111.25
102.76
94.59
86.22
86.31
88.33
96.93
106.21
111.39
92.40
103.80
94.17
86.12
86.26
90.49
98.67
107.47
112.08
110.77
105.62
95.82
88.20
86.36
86.44
93.26
101.68
111.56
109.99
111.62
102.65
94.63
87.02
86.41
87.20
97.38
105.43
110.49
110.53
110.86
103.02
92.43
85.82
78.86
87.54
107.18
110.55
108.74
86.17
76.56
72.70
85.93
93.52
101.73
111.76
113.93
110.56
99.35
91.69
85.82
85.73
92.81
101.58
113.92
112.97
110.00
100.68
92.98
86.40
86.26
90.05
98.32
109.16
110.63
109.95
103.27
95.15
87.31
86.42
86.29
93.12
100.16
109.03
111.60
110.00
106.03
96.20
88.94
86.44
86.52
90.34
74.19
100.71
111.71
110.76
111.06
99.45
92.90
86.41
86.31
89.96
99.44
105.93
112.78
110.72
103.54
95.00
87.18
86.36
86.22
92.31
102.01
111.59
112.84
111.66
102.12
94.09
86.13
86.40
86.20
90.94
98.32
106.93
109.89
110.70
110.35
100.44
88.70
85.27
92.36
99.46
107.87
74.68
100.90
96.32
95.92
91.03
84.57
77.65
86.46
106.42
112.68
113.78
102.60
95.27
87.10
86.28
86.35
94.24
102.44
111.48
110.88
109.38
99.13
89.51
86.53
84.97
91.69
100.79
110.47
110.26
111.69
102.30
93.74
86.28
86.42
87.06
97.97
106.40
110.54
110.30
107.74
72.15
100.85
92.20
86.21
86.45
90.34
98.44
110.49
110.49
111.11
104.06
96.11
88.01
86.33
86.65
94.49
101.80
110.97
110.79
111.35
104.98
95.37
88.19
86.41
86.65
93.04
93.64
94.80
108.40
102.15
91.52
76.16
81.73
101.16
112.80
111.82
110.91
102.70
94.64
87.09
68.28
86.13
86.41
93.79
102.86
111.56
111.04
110.38
110.86
106.21
96.14
91.09
86.37
86.28
91.23
99.62
108.23
109.97
111.04
103.62
94.68
86.36
86.35
86.42
93.53
95.59
104.25
113.31
110.62
111.58
102.01
94.59
88.05
86.37
86.47
91.57
99.33
108.55
110.23
111.02
104.48
74.80
104.60
94.64
86.52
86.40
84.85
97.21
105.29
111.12
111.33
106.85
95.85
88.32
86.38
87.68
97.65
106.16
110.67
110.44
110.10
99.29
91.98
86.40
86.28
90.51
99.00
112.92
112.58
110.20
103.28
94.77
88.01
86.17
87.03
96.55
107.21
114.36
98.28
90.93
85.68
84.06
68.79
79.45
125.18
141.62
143.08
144.44
143.51
144.51
144.04
144.20
143.91
144.71
143.88
144.06
139.35
141.69
143.28
145.14
142.62
129.48
108.76
94.23
86.16
85.20
94.11
104.39
110.79
110.66
109.74
102.52
94.71
87.32
86.28
89.26
98.33
109.58
114.63
111.47
102.40
94.34
87.64
86.49
86.23
87.47
74.72
90.48
101.13
111.52
111.29
111.14
110.65
99.53
93.08
86.15
85.97
90.00
100.76
110.47
111.65
113.99
105.27
96.17
89.14
86.33
85.83
93.68
100.26
108.44
94.79
92.66
95.94
87.44
78.50
88.49
106.63
112.25
110.56
103.50
92.99
86.16
86.37
88.19
96.48
105.83
109.68
73.33
106.28
111.31
111.07
107.66
96.24
88.29
86.31
87.22
97.72
106.42
111.32
111.20
106.72
94.97
86.78
86.41
89.42
97.85
104.35
113.19
111.60
105.75
96.62
89.26
85.03
86.18
93.34
102.89
111.36
112.11
107.05
97.05
89.30
85.76
86.42
92.23
100.90
109.69
112.74
111.58
83.61
112.47
103.62
91.85
82.84
85.24
91.96
101.06
109.77
110.22
111.16
104.89
95.14
86.51
86.31
87.77
96.89
105.85
111.55
110.44
106.52
94.97
85.29
86.19
91.00
100.09
110.83
111.22
111.94
104.78
95.85
88.32
84.56
86.62
86.58
95.82
108.62
112.86
97.70
77.75
65.28
86.58
94.60
105.70
112.13
113.07
104.06
95.68
86.86
86.24
88.52
97.07
105.30
110.92
112.46
109.51
102.26
87.94
84.83
88.36
99.65
111.89
111.29
110.72
99.70
91.64
86.27
86.34
89.93
99.54
108.83
112.27
111.00
102.66
93.81
85.95
86.46
90.15
100.81
110.63
110.88
74.97
113.67
110.84
106.35
97.37
88.17
86.41
85.78
92.80
100.55
109.92
110.39
111.25
107.14
97.24
90.06
86.35
86.24
94.50
103.66
113.55
111.45
109.79
99.18
89.34
86.34
86.38
91.39
97.81
106.61
111.18
110.60
112.29
101.97
93.75
86.29
86.21
89.08
97.65
106.42
110.72
75.14
111.82
106.62
94.84
81.21
77.40
88.70
97.68
95.18
95.75
108.46
100.16
92.37
86.23
86.26
88.61
95.81
104.17
108.01
111.97
110.60
102.71
93.78
86.44
85.23
90.09
99.48
110.93
113.67
111.64
106.16
96.05
90.91
86.29
86.30
91.80
99.56
110.82
117.47
106.23
92.33
74.14
87.63
84.76
88.61
100.47
111.15
112.09
104.80
91.89
86.34
86.27
89.10
98.32
107.59
110.76
110.63
106.99
97.90
89.39
84.79
86.35
93.18
100.86
111.07
111.47
112.46
99.70
90.12
75.29
80.03
102.66
111.43
103.81
93.55
86.15
86.04
86.05
93.63
102.60
110.54
75.89
110.95
110.23
108.02
98.94
91.55
86.26
85.75
91.35
99.11
108.81
110.20
111.88
105.82
97.05
88.64
86.37
87.86
92.66
101.06
111.75
110.60
112.25
106.18
95.44
90.59
86.56
86.41
86.58
93.43
101.63
111.33
109.95
111.31
105.58
95.42
88.75
86.52
87.04
93.83
76.20
99.57
106.31
111.80
110.39
111.18
101.72
93.61
86.26
86.38
88.23
95.93
104.38
109.77
110.82
110.72
101.52
89.31
86.37
86.24
87.43
97.02
105.25
110.38
110.76
110.05
102.89
94.68
86.79
86.33
86.31
96.28
104.82
111.40
109.79
109.31
98.32
77.64
76.28
93.55
99.86
72.61
97.79
105.77
107.47
96.65
88.50
86.24
87.92
98.00
107.75
110.69
111.50
104.91
96.22
88.03
86.40
86.53
94.64
102.17
109.92
111.12
111.62
104.56
96.48
88.94
86.34
87.98
99.20
108.09
111.82
110.66
108.23
95.24
88.02
86.35
86.47
93.16
101.16
110.33
110.89
109.63
81.14
106.86
95.80
88.42
86.50
88.05
94.49
102.63
111.04
111.31
110.99
97.56
89.13
86.40
86.37
92.28
99.14
109.05
110.60
111.25
104.93
87.56
77.65
80.34
90.83
101.56
97.99
96.20
106.86
96.04
88.05
86.33
85.77
96.04
106.23
110.54
112.63
106.78
98.83
89.69
70.56
88.78
86.16
86.33
93.07
101.19
110.95
110.73
111.74
109.86
102.42
94.40
86.26
86.36
89.23
97.77
107.26
111.31
111.10
108.44
99.00
90.30
84.21
84.58
96.86
109.77
109.95
110.92
106.97
97.64
89.45
86.31
86.47
92.85
102.87
111.20
111.31
110.56
105.46
95.16
86.79
74.31
86.12
88.39
99.32
109.22
111.32
111.08
111.84
101.88
94.01
85.89
86.33
88.46
96.46
105.22
114.36
112.47
111.35
98.03
84.69
83.80
91.83
96.06
101.25
104.17
110.83
111.39
108.29
98.24
88.98
77.94
79.46
94.82
108.59
113.54
96.18
88.12
89.81
86.16
85.98
87.66
85.81
107.27
108.69
110.13
110.63
112.15
101.10
95.00
84.29
85.86
94.39
105.04
114.35
113.89
102.27
90.19
86.26
88.96
97.51
105.81
111.11
111.48
105.60
96.41
88.59
85.78
86.76
94.59
103.05
111.28
111.48
113.07
103.17
94.66
87.87
86.41
88.80
97.65
106.22
111.27
111.13
80.27
109.72
103.36
95.23
86.81
86.29
86.44
92.51
101.22
111.03
112.96
110.60
99.37
91.69
85.93
86.36
93.84
101.51
113.31
112.05
111.02
102.57
93.21
85.82
86.43
88.40
97.01
106.33
109.21
112.95
111.38
100.93
93.55
86.68
86.42
87.62
98.20
110.07
113.22
97.20
92.80
77.10
91.12
83.53
75.88
79.61
97.64
105.72
105.26
104.81
97.01
96.39
96.65
111.48
111.36
108.94
100.31
92.53
86.35
85.99
86.14
94.85
102.77
109.80
110.12
109.39
103.32
96.01
88.47
86.28
86.49
91.62
99.64
111.37
110.47
110.44
108.85
97.95
89.43
86.44
85.63
73.50
89.51
100.93
112.06
110.79
110.22
101.60
92.65
86.18
86.25
89.18
98.04
106.80
110.19
109.90
106.59
96.82
89.23
86.29
86.60
95.80
104.42
110.44
111.89
108.88
95.26
80.59
77.31
89.13
97.03
93.92
95.63
110.20
101.46
92.45
86.31
86.42
92.39
98.98
109.45
110.13
92.82
101.16
92.97
86.25
86.29
89.02
98.08
106.85
110.82
110.33
109.28
100.49
92.87
86.11
86.42
87.97
96.65
104.80
110.51
112.03
108.85
99.27
91.95
86.24
86.23
86.41
92.94
100.50
106.83
112.90
112.18
102.12
87.69
85.95
88.49
98.80
111.06
110.56
108.47
95.07
68.81
88.70
83.90
90.84
106.44
108.77
108.09
94.87
86.88
83.46
89.90
118.28
107.26
98.59
87.76
84.69
85.64
88.10
91.55
96.84
97.41
95.74
97.31
96.89
96.47
98.21
98.61
98.20
97.93
97.73
97.63
92.10
92.06
81.46
79.81
84.83
82.93
88.43
98.30
115.95
107.89
84.71
89.45
86.36
86.81
91.14
101.64
112.62
112.29
110.81
102.83
94.60
86.91
86.23
86.80
96.35
105.80
110.83
110.58
104.13
91.63
88.71
86.28
86.43
94.45
102.33
109.09
110.61
110.33
99.18
88.79
86.36
86.44
92.79
101.82
110.86
110.51
110.49
99.23
91.94
85.35
75.31
86.06
86.80
93.52
101.62
110.45
109.48
109.57
97.83
85.67
85.10
93.87
102.05
111.59
110.88
110.13
105.07
96.28
88.02
84.95
88.99
97.96
106.33
111.22
111.49
106.33
97.69
89.85
86.12
86.28
92.50
100.05
111.18
111.20
111.45
100.68
93.36
86.08
86.29
86.34
93.80
89.14
110.76
111.41
92.85
84.76
85.87
85.50
84.09
89.94
98.56
117.00
101.93
89.15
86.25
86.58
94.56
103.58
111.15
109.41
111.61
102.59
91.24
84.78
86.24
93.26
100.99
109.40
110.36
111.52
105.45
96.33
92.57
87.73
86.32
86.14
86.34
88.83
93.33
99.47
103.09
69.41
88.64
94.65
101.37
105.06
105.23
105.17
106.07
102.93
98.00
95.60
93.06
87.60
86.36
86.46
86.42
87.15
94.30
99.53
106.56
106.57
106.66
106.06
102.50
94.06
85.43
77.62
82.68
96.05
112.27
115.66
93.67
83.55
83.37
86.22
91.01
97.93
109.41
109.91
112.87
71.26
112.24
105.52
97.17
89.57
86.36
86.44
92.91
100.25
109.45
110.63
111.18
104.98
95.41
87.20
86.44
86.61
94.38
99.75
108.68
114.02
111.25
108.60
100.70
92.61
86.30
86.49
89.37
96.96
106.44
111.48
110.49
109.59
102.32
93.83
89.65
86.23
86.14
92.87
99.48
110.08
74.49
111.31
110.72
110.65
104.29
96.20
88.40
86.31
86.33
92.52
100.05
109.44
110.83
114.23
103.22
89.67
86.23
86.33
92.15
99.68
110.92
109.23
110.29
105.36
95.35
88.05
86.36
86.30
93.35
101.14
110.92
111.28
109.54
98.36
89.36
76.80
79.55
96.47
110.86
110.18
94.01
72.01
110.30
97.12
88.21
86.28
86.67
94.03
101.25
109.54
111.66
111.06
105.18
97.37
88.27
86.32
86.39
96.48
100.91
110.13
110.95
111.38
110.83
107.07
95.64
88.68
86.06
85.36
92.24
100.06
109.14
111.52
110.84
107.81
98.26
89.69
86.35
86.30
91.89
99.04
107.99
78.51
110.28
111.24
110.35
107.20
97.35
89.24
86.38
86.43
92.70
100.67
110.33
109.74
110.08
107.77
99.75
92.26
86.44
86.33
89.51
103.03
107.38
96.32
88.32
86.42
85.46
80.96
88.67
111.15
112.17
110.54
101.39
93.00
86.32
86.37
90.20
100.23
108.13
111.78
110.64
104.61
78.81
94.77
90.38
86.34
86.21
93.00
100.39
109.83
111.59
110.96
103.51
95.51
88.40
86.43
86.20
93.17
101.64
111.80
110.18
110.47
100.36
92.91
86.24
86.44
86.35
93.63
100.90
109.90
111.69
110.40
107.32
95.14
88.51
86.42
86.41
94.99
105.57
111.64
110.51
113.38
103.42
82.94
101.53
91.87
86.21
86.40
89.36
98.87
107.42
107.87
112.32
110.46
105.66
96.51
87.89
86.43
87.44
95.09
103.80
111.78
111.08
110.63
103.72
95.46
88.76
85.19
85.69
88.17
97.27
102.95
113.43
100.23
79.96
75.88
92.12
102.67
109.91
111.29
109.60
111.57
106.71
71.01
106.49
95.61
88.21
86.43
86.42
92.58
100.99
109.77
111.14
110.76
111.08
100.02
89.64
86.16
86.33
93.23
100.66
110.35
111.27
111.70
103.88
96.40
88.63
86.41
86.90
95.94
105.48
110.99
110.66
111.83
101.55
94.80
86.64
86.42
86.34
93.69
103.07
111.23
110.83
111.27
73.45
110.94
102.59
92.90
86.06
86.33
93.63
102.30
110.11
111.21
111.74
104.65
95.67
88.48
86.33
86.57
95.04
103.33
110.66
111.52
111.29
102.05
98.80
89.79
86.42
85.90
93.24
109.93
111.31
109.92
99.12
90.03
85.81
86.12
90.86
97.93
109.23
94.35
95.12
96.56
84.61
70.86
76.35
80.78
89.69
95.87
103.28
110.73
110.07
109.09
106.52
95.58
87.14
86.41
86.70
93.39
101.36
104.09
110.67
111.08
106.70
96.74
88.56
86.35
86.46
93.81
101.42
110.81
110.70
111.20
102.62
95.21
87.78
86.41
86.73
92.84
102.79
111.48
113.08
112.14
100.16
72.28
98.94
88.13
86.22
86.26
92.88
100.53
109.61
110.60
111.52
103.09
95.16
86.24
86.22
85.98
93.81
101.41
111.43
112.27
109.02
99.83
92.17
86.42
86.38
92.94
102.03
118.97
111.99
101.67
91.56
85.87
86.35
90.13
99.15
107.07
110.81
109.05
109.45
104.42
104.62
106.01
70.77
91.60
91.27
102.50
101.95
91.93
84.09
81.15
86.01
86.19
88.72
92.04
95.56
100.93
104.90
104.84
105.26
105.61
105.04
99.68
93.79
90.43
86.26
86.39
86.18
86.30
88.67
91.15
96.63
104.84
108.19
105.73
104.64
104.09
106.14
103.69
95.16
89.10
90.98
85.24
75.18
85.57
86.33
87.97
98.27
106.99
110.51
110.10
110.31
111.36
111.37
101.66
93.45
90.02
86.24
86.42
92.39
102.68
111.23
109.34
111.85
109.63
99.45
90.12
84.11
77.68
87.73
110.31
110.32
109.10
96.70
89.60
86.95
86.24
86.34
92.88
101.48
111.13
109.80
111.41
108.31
80.66
107.12
95.52
88.36
86.35
86.73
93.81
101.66
111.11
111.85
110.54
104.97
97.19
88.16
86.37
87.80
95.71
104.35
110.72
112.76
108.07
95.38
87.74
85.53
85.77
95.29
104.13
113.18
111.89
105.31
95.37
87.39
86.33
86.35
93.61
101.37
110.76
110.39
113.52
99.96
71.00
104.04
95.52
86.68
86.35
89.26
98.85
108.28
110.72
110.17
106.74
95.80
87.98
86.11
87.45
98.56
109.63
110.83
110.88
105.98
98.01
89.34
86.37
86.44
91.26
99.86
109.68
110.54
110.34
106.00
95.23
85.97
83.91
90.14
96.42
105.35
104.61
105.75
105.10
96.39
88.68
72.29
84.70
80.66
89.63
108.52
111.36
112.80
102.73
94.65
86.24
86.47
87.15
98.06
107.91
111.25
110.38
106.21
95.24
87.49
85.54
86.93
95.12
102.67
110.90
111.62
108.92
98.33
88.83
86.48
86.29
90.44
99.11
109.09
110.76
111.50
106.09
94.45
88.14
86.36
86.47
91.63
88.58
111.86
111.15
111.35
100.75
93.00
86.31
86.32
86.79
93.68
100.29
108.98
111.62
110.73
99.20
92.17
86.16
86.32
88.57
97.62
109.92
110.62
110.17
105.70
97.33
88.18
85.82
86.75
94.01
101.44
109.80
110.23
110.17
108.34
100.24
92.92
86.18
86.31
85.79
92.38
98.36
67.94
99.09
113.55
111.58
95.72
84.78
80.27
86.43
96.04
102.50
111.16
110.74
112.65
101.07
92.88
86.37
86.49
91.91
98.80
109.50
112.19
104.92
90.14
86.43
86.40
91.90
99.18
108.79
111.10
109.39
104.45
94.55
86.38
86.40
88.07
96.89
105.50
111.13
110.51
112.23
73.75
111.62
111.25
105.33
96.30
87.38
86.29
87.42
98.56
107.12
111.87
108.11
96.11
87.42
86.01
85.99
96.43
109.12
110.76
110.24
106.46
96.40
88.58
86.44
85.65
92.58
92.48
100.99
109.97
101.02
89.88
76.61
80.01
99.51
111.36
111.96
110.18
98.53
93.36
85.76
68.72
86.26
85.68
90.88
100.75
110.42
110.31
111.58
106.63
96.43
88.27
86.29
86.38
93.37
101.97
111.02
111.06
110.84
104.82
97.00
85.64
85.24
88.47
99.73
109.60
110.27
109.72
106.05
96.24
88.67
86.27
86.36
92.47
100.39
109.53
110.21
110.84
105.75
96.63
88.65
85.56
75.42
86.15
88.39
91.40
98.57
108.25
111.47
110.06
112.29
100.46
96.89
89.03
86.34
86.44
94.78
103.48
110.31
108.97
111.32
104.24
93.92
86.35
86.42
90.11
98.90
108.87
111.92
111.17
105.68
96.84
87.95
85.65
82.28
90.22
106.25
112.57
111.55
84.86
76.47
85.29
74.39
95.17
102.61
110.10
115.57
106.64
102.46
94.54
86.83
86.09
86.47
93.48
95.78
104.30
109.98
110.07
109.00
100.14
93.97
85.98
85.37
86.31
89.64
94.07
101.48
110.04
110.76
110.93
102.55
94.85
86.04
86.30
89.26
98.39
106.42
111.41
111.46
107.87
97.82
89.60
85.16
75.51
86.23
91.18
99.02
108.22
110.72
110.42
109.57
99.19
86.27
86.42
86.41
94.17
101.93
111.15
110.79
109.68
109.16
106.45
96.53
87.10
86.39
86.26
91.98
101.89
110.13
110.69
111.19
103.13
94.99
88.42
86.30
86.38
93.28
100.47
109.65
110.44
110.72
107.70
96.71
64.54
81.44
84.37
86.17
95.66
98.24
104.53
104.06
94.75
88.14
86.32
86.38
95.10
104.09
111.80
111.27
105.32
96.72
88.49
85.14
86.65
94.98
102.61
112.28
110.82
109.50
100.83
91.15
86.29
86.44
90.41
100.55
110.34
110.68
110.48
105.01
96.28
88.96
86.30
86.60
93.83
69.66
94.78
102.87
112.72
109.60
109.61
110.35
101.49
93.34
86.33
86.15
87.21
94.43
102.05
110.70
110.13
110.73
106.59
97.14
87.97
86.33
91.29
99.65
108.63
110.90
113.02
97.45
82.37
79.55
85.64
92.30
97.77
96.39
110.00
94.95
85.87
86.18
86.29
87.92
90.17
72.18
85.60
86.28
94.24
102.36
109.75
96.63
110.77
110.13
109.12
98.73
90.20
86.27
86.51
93.01
100.61
110.20
110.54
110.63
105.75
93.99
86.55
86.34
86.38
92.87
100.86
110.05
111.35
111.79
101.09
94.61
86.25
86.30
90.46
100.58
109.55
110.83
111.12
107.17
94.89
87.44
75.42
86.14
86.27
89.22
97.45
106.47
110.92
109.71
106.37
95.07
86.15
86.24
87.81
96.21
105.68
111.78
109.98
108.12
97.54
88.04
86.33
89.36
99.05
108.18
111.45
111.36
105.17
95.33
88.23
86.45
88.75
95.11
104.68
111.92
99.75
92.61
90.37
85.73
82.44
82.94
71.13
102.07
110.63
110.58
110.10
99.05
90.57
86.49
86.39
93.09
100.73
111.55
110.23
110.33
103.44
95.06
85.86
86.36
89.46
100.30
113.24
110.33
111.06
103.15
95.51
87.11
86.01
85.96
92.01
100.99
110.74
110.06
111.18
100.63
92.86
86.18
86.19
94.35
103.70
111.83
110.82
72.29
111.34
111.04
103.70
95.16
88.73
86.45
86.38
93.50
103.72
109.96
110.84
110.63
101.71
94.54
87.87
86.18
86.50
93.96
101.53
113.38
111.49
108.48
97.95
86.53
86.22
91.06
97.81
107.45
111.52
111.76
104.84
96.12
85.46
86.38
87.64
95.77
104.15
110.92
110.04
111.96
74.54
106.27
88.30
79.00
85.06
91.76
94.14
98.60
107.68
102.71
94.05
86.29
86.23
85.98
90.64
99.77
111.45
113.92
111.93
101.97
95.00
86.23
86.18
87.78
97.38
108.41
110.56
109.66
105.21
96.71
88.86
85.92
86.38
88.45
97.38
106.50
111.44
110.79
106.30
96.77
70.48
97.21
87.67
86.51
88.20
97.31
105.93
110.01
110.51
111.82
102.87
94.50
86.96
86.34
86.40
94.35
101.25
110.39
110.90
111.21
103.90
94.97
87.14
86.34
87.27
94.92
102.38
109.59
95.66
96.76
97.33
88.84
82.30
80.88
89.69
113.14
112.44
110.14
102.38
94.49
85.60
73.28
91.09
86.22
86.27
89.51
98.76
107.87
110.08
111.40
107.68
95.16
87.11
86.49
87.64
97.37
107.20
113.24
112.13
106.69
98.82
89.65
86.34
86.37
92.20
100.68
112.27
110.50
110.90
104.54
96.27
88.11
86.26
86.22
92.87
100.54
110.44
110.53
112.79
101.24
94.67
73.85
93.26
86.82
86.47
86.98
95.52
103.45
110.56
110.81
111.60
103.78
95.21
86.62
86.23
88.31
96.63
105.54
112.63
110.79
104.62
94.35
87.12
86.25
88.72
98.20
107.75
110.70
111.15
104.68
95.87
88.67
86.41
86.40
92.64
100.09
112.11
112.07
97.36
87.34
82.95
84.56
68.98
79.21
88.00
108.22
111.38
112.51
110.63
101.33
94.15
86.28
86.44
87.40
97.83
106.31
110.33
111.18
113.42
101.09
93.14
85.92
86.24
86.67
93.47
101.05
110.35
110.58
111.08
105.06
93.68
87.28
86.36
86.24
92.71
101.26
110.95
111.27
111.22
104.78
96.63
88.51
72.73
86.28
86.33
89.84
100.31
109.10
111.01
111.55
111.25
107.72
98.13
89.54
87.85
86.50
86.24
93.03
99.07
111.02
113.84
91.51
85.63
86.21
93.18
98.72
98.38
103.66
101.51
90.84
76.52
79.94
100.92
112.00
110.56
111.51
101.33
92.90
86.24
86.33
88.41
94.00
77.86
96.70
108.06
110.60
110.31
109.41
99.98
89.88
86.39
86.36
93.72
100.97
110.95
110.35
111.69
112.46
99.72
92.50
90.02
86.39
87.33
98.67
107.64
110.29
110.58
109.37
99.87
89.46
86.37
85.66
95.11
106.01
113.13
111.71
105.76
95.90
88.73
86.27
87.41
97.51
108.32
82.47
110.43
111.06
109.58
104.27
95.86
88.83
86.26
87.15
94.80
102.38
110.33
112.34
109.16
100.06
92.25
86.28
86.33
89.46
96.52
109.07
111.83
111.79
105.20
96.40
88.92
86.34
86.45
93.26
101.05
108.85
111.55
108.52
87.15
78.61
85.30
90.96
102.11
96.72
99.33
95.66
74.73
88.95
86.41
86.28
93.15
101.68
111.07
110.55
111.34
98.54
88.79
86.20
86.29
86.21
89.93
94.48
100.63
105.09
106.30
109.38
112.52
101.69
91.10
86.33
86.42
86.76
97.61
106.10
110.66
113.90
108.35
96.09
88.42
86.12
86.99
94.12
102.28
110.20
110.88
112.01
97.56
78.50
94.15
87.57
86.31
86.37
93.26
99.60
108.85
111.43
111.48
104.13
95.70
87.90
86.22
86.21
92.67
100.50
110.20
111.22
111.74
110.90
104.80
95.38
88.61
86.31
86.42
94.39
102.84
109.89
110.29
111.13
99.04
96.16
88.88
86.32
86.51
91.05
99.72
108.09
110.55
79.58
108.67
91.39
83.86
85.29
84.99
87.39
96.87
109.89
109.51
95.80
88.64
86.33
86.24
92.55
100.93
109.48
112.46
110.88
102.40
92.20
85.95
86.27
86.68
93.83
107.05
109.74
114.79
97.02
88.74
85.03
85.16
85.91
93.71
97.51
98.04
96.57
97.18
96.86
96.50
90.20
86.81
97.31
96.81
96.80
92.96
92.86
89.58
85.50
84.72
84.99
86.75
89.72
90.12
89.99
88.17
84.86
87.62
88.01
86.27
85.04
103.11
104.04
111.69
108.27
94.39
84.99
75.81
82.76
102.29
118.51
95.68
92.76
93.97
88.56
86.07
86.08
88.25
99.07
109.80
73.28
112.48
111.51
111.44
100.48
92.25
86.24
86.38
87.77
97.76
110.17
112.75
112.32
104.25
93.46
86.79
86.24
88.89
96.61
110.35
111.52
109.53
105.21
96.35
88.85
86.41
86.38
93.61
101.58
110.97
111.35
111.18
101.35
91.33
86.16
86.10
86.24
92.84
104.37
111.19
107.27
93.97
93.57
86.14
86.48
87.13
99.43
109.34
111.30
113.14
100.11
91.00
86.30
86.29
91.35
98.27
104.11
111.18
109.42
108.95
97.40
88.05
86.33
86.73
95.90
105.34
112.18
113.23
102.62
93.89
86.83
86.36
86.51
93.92
103.17
113.62
111.75
97.55
87.77
80.26
85.07
72.22
80.03
87.87
107.10
109.88
113.65
103.72
94.09
86.21
86.28
93.19
101.60
110.83
111.95
108.77
99.88
91.52
86.39
86.30
88.21
101.97
111.19
110.90
109.34
98.80
91.48
85.56
86.32
91.92
101.07
110.07
110.35
111.69
106.57
97.02
89.39
86.38
86.45
91.03
98.39
108.31
76.21
112.44
112.60
108.83
99.26
92.47
86.18
86.31
89.43
99.13
108.66
112.16
110.57
105.12
95.44
87.32
86.36
86.19
93.26
102.87
111.73
109.06
110.26
88.04
79.23
84.53
86.48
93.21
97.06
99.35
113.39
102.63
93.52
86.11
86.45
88.63
96.90
104.97
111.31
111.69
76.85
110.90
110.29
112.88
105.37
96.52
88.58
86.12
86.61
97.33
106.07
111.18
111.04
110.89
111.59
103.42
95.09
87.83
86.41
86.42
96.58
108.24
110.90
111.82
106.50
94.87
87.30
86.44
86.47
92.93
103.28
111.18
111.56
111.57
102.53
94.62
87.12
86.41
87.32
96.79
105.08
74.02
105.39
110.42
111.41
109.23
99.33
91.33
86.30
86.44
89.83
98.05
107.20
112.67
111.36
106.70
95.38
87.90
86.41
86.86
94.84
108.87
111.55
111.73
102.91
95.39
88.98
86.47
88.59
95.77
107.45
95.74
97.17
94.17
88.49
83.56
79.54
89.52
112.03
112.39
110.60
99.82
80.19
100.13
90.53
86.39
86.36
96.76
108.19
111.08
110.54
107.91
99.84
92.44
86.12
86.31
85.54
93.51
101.39
110.74
110.51
111.78
104.55
95.51
89.02
86.31
85.94
91.53
97.29
106.47
109.72
111.02
109.80
102.22
93.25
86.24
86.30
87.69
97.38
105.66
113.12
109.79
111.67
83.43
104.69
95.29
87.43
86.33
86.54
94.75
103.42
112.72
111.66
109.68
105.78
95.24
86.26
86.24
86.53
97.35
106.54
112.35
111.35
103.11
94.87
87.14
86.33
86.45
92.32
101.01
110.79
112.34
109.96
100.07
92.04
86.24
86.53
87.21
99.11
110.33
108.99
111.22
106.21
83.16
68.38
86.15
84.67
81.44
91.08
111.04
110.98
109.54
100.16
92.21
86.31
87.67
97.79
104.95
110.79
116.23
100.61
92.89
85.57
85.94
86.40
94.03
102.45
111.73
111.15
110.95
104.17
95.73
87.91
86.19
86.37
93.32
107.96
111.46
110.94
103.95
95.21
88.01
86.10
89.72
86.76
108.23
111.62
111.08
104.58
96.05
88.74
86.23
86.57
94.11
102.12
111.18
109.87
110.53
102.35
94.80
86.90
86.37
86.86
93.61
103.40
110.63
110.25
108.28
88.32
79.56
85.35
88.54
93.37
97.81
110.52
100.77
90.57
86.30
86.31
90.30
99.57
107.99
111.02
110.65
72.28
110.23
105.41
94.41
87.06
86.35
88.24
97.78
106.80
110.88
110.79
105.61
95.48
87.62
86.24
86.34
92.48
100.86
110.70
112.20
112.88
101.64
94.07
86.52
86.29
88.13
97.29
104.90
112.84
111.58
103.60
93.97
86.10
86.21
86.56
92.60
101.51
110.72
110.78
110.20
103.66
76.24
94.01
86.91
86.39
89.23
97.93
107.54
111.57
111.15
104.98
96.89
88.80
86.36
86.38
93.19
101.94
111.15
110.38
111.40
110.92
100.45
91.99
89.70
86.34
86.45
88.67
92.66
100.04
110.53
111.14
112.04
100.86
84.75
73.49
82.20
99.58
110.20
96.85
96.17
103.84
90.18
75.70
86.92
86.29
86.63
92.93
100.96
108.44
111.29
111.62
105.25
96.13
86.83
86.31
86.40
93.01
100.66
110.61
110.85
111.91
108.70
99.49
90.53
86.27
86.36
91.90
100.50
110.04
110.32
110.25
106.02
95.73
87.23
86.42
88.63
96.52
104.43
110.44
110.47
110.60
99.48
72.27
92.69
86.30
86.34
93.01
102.91
111.02
111.70
108.47
99.98
97.42
89.57
86.35
86.29
91.49
100.31
109.80
110.83
111.61
106.88
96.23
86.92
86.46
86.34
93.59
102.09
109.75
110.98
110.19
107.14
96.47
89.05
87.02
85.50
88.93
95.48
104.17
109.09
113.09
108.54
92.30
70.45
87.61
87.67
83.58
79.30
88.42
110.96
112.20
110.76
99.99
92.48
86.19
86.32
86.73
94.22
103.85
110.63
110.81
111.80
99.02
89.60
86.41
86.68
93.96
101.37
110.03
109.88
111.27
104.12
99.98
91.91
86.31
86.34
90.05
99.26
109.07
110.23
110.57
105.41
93.22
73.64
88.75
85.69
86.32
92.45
100.41
109.42
112.95
109.89
101.98
93.45
87.61
86.47
86.49
89.04
96.61
104.55
109.86
112.18
108.91
98.94
91.41
86.23
86.42
90.36
98.64
107.35
97.75
94.22
91.34
85.11
80.21
87.70
103.22
107.89
105.46
105.49
104.11
94.98
86.80
72.14
86.30
86.20
92.31
97.10
107.88
110.37
111.81
105.50
96.77
88.86
86.44
86.47
92.61
102.46
111.48
111.17
109.90
105.64
96.90
89.29
86.27
86.42
92.54
100.61
110.17
110.97
111.18
103.64
94.74
86.45
86.38
86.38
92.60
100.65
110.42
113.03
111.19
104.53
95.97
86.23
75.92
86.05
86.29
93.75
100.74
109.77
110.88
111.02
111.13
105.63
95.39
87.05
86.31
88.49
97.08
106.93
111.33
110.20
109.14
99.10
95.44
93.63
86.70
86.23
85.41
86.28
90.45
94.28
93.72
99.80
104.82
104.63
104.45
103.74
104.51
101.55
87.26
83.31
80.34
85.19
67.64
78.01
92.28
102.47
105.23
104.28
105.25
104.42
103.54
97.62
92.77
87.39
86.30
86.43
93.53
101.20
111.68
113.34
113.58
106.83
95.72
88.81
86.39
86.38
91.07
101.62
110.74
111.31
111.18
101.55
93.01
86.24
86.03
90.53
101.32
111.19
110.70
111.25
102.67
94.57
87.26
75.46
86.20
87.64
95.61
104.93
111.57
109.72
110.89
111.21
111.27
100.01
93.35
86.15
86.33
87.52
97.29
105.96
110.66
110.88
110.24
97.94
89.21
86.41
86.31
92.76
102.58
110.13
110.98
111.07
104.24
96.91
88.60
86.30
85.91
94.75
103.60
110.26
112.38
107.71
100.44
90.94
75.07
84.19
84.93
86.59
93.30
97.18
114.11
108.40
85.63
77.78
84.93
93.34
102.06
111.95
111.34
111.60
104.17
95.77
87.97
84.92
86.29
87.82
95.49
103.92
111.90
111.31
110.86
102.46
94.61
86.85
86.36
87.49
98.58
107.56
110.73
110.55
109.46
100.58
93.03
86.15
72.76
86.20
86.31
92.85
101.95
109.49
110.60
110.06
100.62
92.62
86.16
86.39
88.34
96.14
106.95
110.71
110.62
109.21
112.09
102.38
91.60
86.14
86.23
88.39
97.10
105.31
110.54
110.86
111.34
101.37
89.06
75.50
80.34
102.79
112.80
112.36
90.61
82.24
85.95
90.43
96.68
75.38
101.71
111.33
110.54
110.63
104.76
96.47
88.75
86.25
86.84
94.41
102.61
111.29
110.53
109.79
105.83
96.44
88.83
86.48
85.97
92.93
100.18
109.19
110.49
110.35
103.70
94.39
86.36
86.43
89.90
99.86
111.01
111.14
112.14
107.99
98.79
89.74
86.33
86.30
92.58
97.75
98.63
110.85
102.35
95.22
87.86
86.53
86.33
95.33
105.68
110.82
110.72
111.37
101.69
91.65
86.31
86.36
89.77
97.25
107.07
109.12
111.81
108.04
96.17
87.69
86.30
87.72
99.00
109.48
110.26
111.81
107.46
97.19
89.87
86.27
86.40
92.77
100.90
110.02
110.13
112.46
112.23
94.39
72.36
91.00
87.03
83.06
79.60
88.01
109.68
112.25
111.66
103.82
96.72
88.20
86.40
86.32
92.43
99.72
111.69
112.33
107.81
97.72
89.17
86.33
86.30
92.15
97.22
106.11
111.08
111.29
103.32
95.41
88.16
86.45
87.52
94.89
103.12
111.04
113.24
110.79
105.65
71.61
104.39
93.09
86.19
85.38
87.38
96.42
106.04
110.96
111.19
107.52
94.15
87.09
86.33
86.65
93.65
101.96
110.83
110.35
110.27
101.80
94.59
86.49
86.23
85.29
88.17
96.12
99.17
112.67
105.60
85.65
76.43
84.70
94.13
102.05
111.60
110.74
111.41
110.40
109.61
98.09
78.47
94.99
87.45
86.40
86.96
94.11
101.85
111.92
111.29
106.07
97.26
89.13
86.24
86.42
92.60
101.51
113.29
111.86
111.41
102.89
93.61
86.18
86.30
86.48
92.49
101.13
110.57
110.63
111.29
105.12
95.33
86.80
86.30
89.76
100.61
110.44
111.51
111.99
102.18
93.10
70.46
87.68
86.30
87.70
97.74
107.10
110.86
110.80
108.85
100.17
91.77
86.29
86.41
91.68
102.71
111.04
111.66
110.49
108.04
98.42
88.54
85.75
89.54
99.06
109.45
111.12
110.15
104.98
95.09
87.72
86.36
86.76
95.24
104.82
114.59
113.58
96.60
90.82
84.59
85.41
84.68
66.96
86.66
105.60
112.58
113.83
105.98
96.73
88.87
86.41
86.42
92.73
99.06
114.23
113.21
110.41
98.67
90.78
86.30
86.33
88.93
99.12
111.02
110.35
111.08
103.60
95.25
88.07
85.89
86.31
92.93
100.97
112.05
111.27
110.58
99.99
93.21
88.69
86.33
86.43
92.59
75.35
95.52
103.99
111.03
111.23
110.54
103.85
95.98
88.70
86.16
86.38
95.12
103.16
110.94
110.80
111.25
104.31
94.54
87.23
86.37
85.19
93.73
95.73
94.80
112.69
102.78
87.91
77.70
80.85
92.58
102.22
111.64
110.90
111.06
110.44
98.86
90.12
86.24
86.26
91.45
99.79
78.82
113.97
112.77
111.68
106.11
97.54
88.22
86.31
86.27
93.43
101.10
111.29
109.81
111.83
103.52
93.79
86.61
86.41
87.07
96.93
108.48
112.67
111.31
110.51
100.99
93.55
86.50
86.48
86.59
93.09
101.49
110.66
110.47
111.05
106.73
96.11
89.61
86.26
86.30
91.41
100.71
73.00
99.60
109.40
110.10
110.73
105.43
95.76
88.04
83.51
83.63
98.60
108.80
110.32
109.88
108.77
98.91
91.49
86.27
86.37
87.32
94.57
108.72
113.67
112.69
102.70
93.96
86.24
86.31
89.94
100.14
112.01
96.66
91.29
90.00
83.94
80.80
87.60
103.84
107.18
103.82
68.01
97.11
96.29
95.18
104.49
110.47
109.68
108.04
101.76
93.08
86.27
86.43
87.27
100.24
115.28
110.70
105.83
97.36
87.98
85.56
87.95
99.60
112.61
111.08
110.42
98.96
91.56
88.12
86.28
86.45
93.23
101.12
110.69
111.14
109.63
101.56
95.13
87.25
86.42
87.57
95.58
70.19
93.39
101.82
110.58
110.27
108.77
103.18
95.75
86.48
86.48
89.21
96.32
104.49
110.82
111.13
109.61
99.22
90.33
86.06
86.04
95.98
104.04
110.47
108.84
114.54
101.55
93.17
86.27
86.38
89.69
96.55
103.90
111.48
111.61
109.38
100.78
91.91
85.30
79.95
88.07
100.15
90.89
112.72
89.18
80.77
82.37
88.13
95.63
104.21
111.02
109.89
110.17
104.03
98.35
89.69
86.36
86.40
93.01
99.20
108.87
111.44
111.89
105.14
95.97
88.96
86.37
86.39
91.44
99.33
107.85
109.74
109.14
110.38
100.48
93.50
86.25
86.33
88.81
98.41
106.63
111.04
72.91
111.25
109.92
107.50
99.07
92.20
86.12
86.34
87.94
95.73
103.57
110.55
110.85
110.46
103.98
94.03
86.16
86.22
86.56
92.76
102.44
110.98
109.33
98.44
91.74
90.09
85.69
84.22
80.71
89.18
112.51
112.20
112.73
101.07
93.43
86.44
86.27
89.28
97.57
106.64
109.61
92.79
107.52
96.00
87.97
86.25
86.39
94.30
102.79
111.75
111.52
110.82
102.94
95.00
87.18
85.93
86.93
97.54
105.53
111.04
111.25
111.31
104.88
96.84
88.10
86.37
87.44
96.55
104.65
110.35
110.63
111.65
103.25
95.23
88.30
86.33
86.33
92.47
101.89
111.77
110.20
110.38
82.14
108.61
97.67
89.40
86.24
86.90
93.63
101.89
110.83
110.97
111.15
101.03
90.26
86.25
86.36
89.71
97.41
106.30
110.02
110.21
109.32
100.10
91.67
86.21
86.49
93.04
101.32
110.88
111.52
110.63
100.31
90.83
75.99
80.00
100.48
112.79
108.75
92.33
85.23
85.59
71.85
85.97
87.49
96.72
110.64
111.96
106.67
91.01
85.45
85.52
89.64
92.36
101.35
110.55
111.38
111.62
104.26
94.85
88.08
85.95
87.31
96.22
105.78
111.66
110.60
110.18
100.08
91.90
86.24
86.35
88.00
96.46
104.44
110.40
111.82
109.83
103.70
95.14
86.45
86.44
85.16
74.27
94.34
102.05
111.45
109.92
110.46
104.63
97.01
88.66
86.34
86.36
93.43
103.62
110.95
108.85
110.44
98.35
89.11
86.27
86.08
89.29
97.58
106.50
110.29
110.92
111.25
106.88
98.15
89.47
86.44
86.44
93.07
102.07
111.08
108.61
111.71
105.50
96.25
86.49
84.55
63.49
79.28
91.01
100.92
96.12
97.25
103.76
96.87
88.58
86.28
87.00
93.15
100.27
109.95
111.18
110.79
100.82
92.77
86.27
85.58
88.67
97.15
105.81
110.82
110.54
110.53
101.76
92.69
86.27
86.44
90.91
96.63
108.10
110.58
110.97
106.62
94.25
87.34
86.34
86.31
96.22
71.87
101.37
111.25
112.22
109.98
98.90
92.56
86.16
86.23
86.30
91.03
98.95
109.41
109.62
110.59
111.06
103.23
94.60
86.59
85.76
87.58
96.44
109.56
94.40
96.02
97.26
88.13
79.84
85.16
95.24
113.17
110.74
110.80
100.82
92.89
86.31
86.34
90.87
101.73
110.22
81.71
113.42
111.25
102.12
93.69
86.79
86.33
86.83
93.14
103.53
111.43
113.34
111.41
101.16
93.11
86.26
86.26
86.34
94.84
105.19
114.11
112.60
102.08
94.17
91.89
86.18
86.28
89.37
96.77
105.37
110.72
109.30
110.20
101.38
91.22
86.36
86.30
90.86
98.78
108.33
111.28
72.75
112.16
111.21
101.43
93.96
86.31
86.35
89.88
98.08
107.44
111.26
112.65
104.47
96.16
88.70
86.32
86.00
93.97
102.44
112.08
115.90
97.03
87.00
84.14
87.54
96.37
107.02
110.89
110.08
109.98
98.42
89.20
76.21
82.01
98.56
113.99
113.65
92.15
84.65
84.33
83.82
69.52
86.30
92.63
100.54
110.09
111.21
110.67
107.01
97.03
88.66
86.38
86.30
92.76
101.49
111.79
109.74
111.52
105.64
95.65
87.67
86.36
86.42
93.47
101.48
111.02
111.09
111.35
102.40
94.04
86.69
86.48
86.25
93.12
102.86
110.86
111.00
108.83
96.98
88.90
85.83
75.42
86.31
88.33
97.21
105.72
110.96
111.47
111.22
102.16
92.37
86.40
86.38
88.95
97.48
105.72
111.21
110.89
108.07
96.32
88.45
85.92
87.81
95.04
104.35
110.88
111.31
111.05
100.48
92.64
86.31
86.40
86.78
94.35
103.64
111.07
109.92
111.28
103.78
95.90
88.06
83.56
74.23
78.48
85.37
99.64
110.45
106.28
97.03
91.88
88.69
86.22
86.40
92.40
101.84
111.13
111.29
111.96
102.85
94.57
87.17
85.42
86.92
94.12
103.08
110.53
111.19
109.20
97.86
88.37
86.33
86.45
86.13
95.58
103.46
110.07
111.02
110.65
103.68
95.39
88.33
85.41
74.82
86.15
91.20
94.73
103.41
112.59
110.55
109.95
103.03
89.77
86.33
86.74
93.47
100.90
110.46
110.99
111.26
102.46
95.46
87.13
86.22
86.65
91.69
105.93
111.17
112.65
96.57
91.63
88.38
85.60
83.49
84.88
92.95
110.41
107.79
99.53
104.09
94.85
87.73
85.65
73.53
86.27
91.64
100.44
109.66
111.39
112.96
104.82
98.56
89.39
86.44
86.44
92.23
98.78
107.35
110.90
112.86
105.06
95.31
87.55
85.81
86.65
93.44
101.22
110.74
110.70
110.95
102.10
95.21
87.74
86.21
87.99
99.52
109.45
113.40
109.25
95.21
86.36
86.25
88.52
96.22
71.20
95.68
105.76
112.34
109.98
108.48
95.87
83.47
86.34
103.44
117.37
114.86
102.26
92.50
86.25
86.34
91.01
98.71
108.20
110.32
112.18
103.78
95.43
86.37
86.43
87.00
94.26
102.57
111.48
110.58
111.84
104.48
92.87
85.48
78.76
90.40
108.65
113.14
104.30
83.24
73.45
73.64
93.69
101.47
110.82
111.13
110.26
107.24
96.40
88.90
86.38
87.77
98.67
107.96
110.74
109.68
110.89
100.63
92.34
86.20
85.72
87.13
95.12
99.66
109.54
111.37
110.61
108.79
99.73
91.38
86.33
86.37
90.23
99.42
109.47
109.51
111.18
110.63
101.76
92.80
91.68
70.13
94.62
87.41
86.30
86.55
93.79
102.46
110.74
109.70
109.16
107.98
97.74
89.49
86.37
85.31
93.14
102.85
110.54
110.44
111.31
96.93
87.95
86.27
88.19
95.25
103.60
113.57
110.29
110.61
101.12
92.25
86.33
86.31
86.43
91.87
99.51
108.02
113.86
112.34
95.78
84.87
69.58
85.67
83.40
84.61
93.03
112.93
111.03
106.88
96.01
88.84
86.38
86.35
93.85
102.28
110.56
109.57
110.60
104.63
96.14
84.99
86.26
89.37
101.39
112.18
112.14
110.50
103.34
92.72
86.16
86.21
92.14
101.19
110.76
110.99
110.54
104.71
95.60
88.61
86.23
85.97
74.66
96.42
105.29
110.09
110.99
111.13
102.30
94.75
87.14
85.94
86.39
95.41
105.12
110.64
112.51
110.88
99.67
92.23
86.43
85.02
92.25
104.42
110.24
111.13
112.10
99.83
83.54
76.67
83.26
92.42
100.18
95.53
96.12
104.41
96.14
88.42
86.33
86.40
92.44
100.91
108.92
74.28
112.50
111.28
110.35
100.61
98.00
89.45
86.44
86.36
95.69
103.94
110.19
111.45
111.59
103.18
93.15
86.45
86.27
86.77
95.51
105.33
111.35
112.80
109.19
98.97
89.94
86.37
86.58
93.22
103.42
111.72
111.71
111.02
108.72
103.15
96.11
88.20
86.33
86.26
92.98
97.74
97.97
112.25
111.41
99.15
92.79
86.24
86.32
86.51
92.23
101.12
110.94
110.95
112.42
99.16
90.47
86.22
86.24
93.17
100.01
110.04
111.82
111.06
105.26
93.48
86.23
86.33
87.74
97.89
107.29
110.89
110.58
105.59
96.35
88.71
85.39
87.02
89.91
97.10
102.92
110.37
96.08
67.40
75.88
86.72
97.60
107.73
112.79
109.63
106.84
103.80
95.98
84.25
85.17
86.43
98.20
120.39
111.92
98.53
87.93
85.46
87.46
97.10
106.50
96.38
89.39
94.26
91.48
90.61
87.45
88.50
93.61
90.08
86.26
84.37
89.26
103.54
113.03
112.64
97.88
93.14
89.02
74.92
92.31
86.19
86.36
87.14
100.20
111.46
110.86
111.18
102.99
94.43
87.13
86.38
86.52
94.00
101.21
110.86
108.58
111.41
100.33
88.81
76.55
85.03
104.92
113.70
114.49
88.56
79.43
85.97
89.00
98.89
108.01
110.01
111.15
106.72
98.62
89.71
84.92
85.22
92.98
71.98
96.46
107.72
111.52
110.69
109.03
100.03
93.19
86.03
86.54
91.42
98.20
107.31
110.80
111.39
109.60
100.31
91.47
84.79
85.42
94.22
102.63
110.95
113.08
111.60
102.05
94.21
86.92
86.35
87.74
98.69
105.56
112.08
110.19
108.09
98.05
89.27
85.97
85.22
95.47
106.78
74.58
108.31
109.38
110.44
110.14
100.30
90.02
86.30
86.11
92.35
101.74
110.92
110.97
110.74
101.51
93.03
86.24
84.96
86.67
105.99
113.15
111.72
111.25
100.35
92.83
86.09
86.41
87.56
98.42
106.25
112.91
112.09
91.15
83.66
83.79
85.65
89.87
92.34
96.46
115.93
72.29
109.05
99.87
91.02
86.21
86.44
91.76
99.11
110.50
110.31
110.26
103.32
93.62
86.29
86.19
87.67
98.20
106.19
108.63
109.90
111.21
106.95
96.28
90.42
86.22
86.36
86.30
88.32
91.47
91.30
96.98
103.76
104.29
105.23
105.17
105.26
103.96
96.52
91.90
87.38
68.73
87.90
86.26
86.27
85.84
93.14
98.71
104.55
104.77
104.56
104.50
106.37
96.75
87.19
86.26
86.92
93.68
102.14
109.11
111.79
109.70
97.55
88.30
86.37
87.21
95.22
102.65
111.25
111.45
110.84
101.56
93.51
85.48
86.49
89.18
95.48
106.81
105.63
98.14
92.26
86.96
74.06
81.36
89.58
108.45
112.91
107.29
94.81
88.07
86.31
86.36
93.61
100.66
111.02
111.07
110.86
106.42
95.99
87.24
84.41
84.90
96.41
106.63
110.44
112.21
108.28
98.31
89.22
86.26
86.18
93.62
102.42
111.12
111.10
110.09
103.28
94.52
86.64
86.45
87.97
99.96
109.48
87.88
112.32
105.52
96.91
88.46
86.28
86.28
97.03
107.40
110.89
111.25
103.44
96.72
88.68
86.47
86.51
94.56
100.84
111.58
111.35
106.71
94.62
76.75
78.36
97.95
114.23
109.28
95.94
89.78
91.65
86.24
86.34
86.45
90.98
99.60
109.22
113.00
109.81
102.93
95.26
71.77
93.81
86.06
86.13
86.30
91.86
101.37
110.88
113.31
107.94
99.75
91.40
86.25
86.34
89.60
98.71
108.06
110.79
111.96
102.25
94.08
86.33
86.33
87.31
94.56
101.49
111.68
110.80
110.83
98.63
89.16
85.57
85.48
93.69
103.22
111.38
110.49
111.60
102.46
92.39
84.75
71.05
86.40
85.43
88.04
97.76
108.97
113.12
113.31
102.50
91.43
86.21
86.40
93.45
99.81
111.41
110.63
111.69
100.69
93.16
85.27
86.08
90.87
99.07
110.71
113.17
110.76
104.35
95.64
88.73
84.93
86.65
85.86
94.52
108.28
113.14
103.09
81.82
75.86
91.77
103.05
73.11
105.93
111.30
111.55
107.39
95.97
84.28
86.23
88.81
100.81
119.64
112.95
99.70
89.86
85.04
85.63
95.43
100.88
102.69
107.14
101.98
90.42
91.78
90.42
90.48
86.76
84.55
83.80
80.62
81.84
83.44
83.56
85.78
88.08
89.53
88.96
87.76
88.44
88.95
70.37
93.55
93.97
91.39
88.97
84.11
84.06
82.98
87.21
89.08
88.83
89.75
88.19
84.50
83.46
85.17
81.55
85.79
86.85
90.01
86.26
83.18
85.08
86.56
89.70
109.61
110.63
107.80
98.55
89.24
86.27
86.30
92.66
100.59
109.92
106.88
111.43
88.67
79.64
73.58
85.63
81.15
81.84
86.90
110.48
112.60
112.28
103.28
95.14
88.55
86.37
86.29
94.32
102.32
110.51
108.79
107.42
100.01
93.16
85.78
86.29
88.60
98.56
107.25
111.00
110.72
105.54
94.97
87.38
86.12
86.47
93.08
101.85
111.00
111.00
110.20
101.97
92.66
84.95
71.94
86.11
86.37
92.93
102.09
111.25
110.83
111.24
110.16
100.95
93.42
87.14
86.31
86.34
89.01
97.77
105.94
109.71
113.20
104.57
94.68
86.23
86.27
85.35
91.40
97.66
99.57
112.67
101.89
84.43
76.36
82.77
96.78
106.37
110.31
111.31
110.64
99.15
90.31
84.41
72.15
86.34
87.10
99.65
111.19
110.71
111.01
106.42
97.01
89.08
86.55
85.83
88.99
99.38
109.94
111.82
111.52
109.92
100.82
91.78
86.05
86.24
93.95
101.74
111.50
110.35
110.51
104.04
95.82
88.21
86.51
85.80
91.90
100.71
109.74
109.77
110.99
106.82
95.94
87.10
69.10
89.00
86.23
86.43
93.84
104.82
111.06
110.10
106.08
96.61
89.06
86.23
86.22
91.34
102.55
109.72
110.09
108.94
100.46
92.87
85.98
85.82
90.95
99.14
108.37
110.72
111.05
107.26
95.24
86.28
86.40
90.55
99.16
110.54
95.40
96.52
96.71
88.20
80.72
79.02
91.38
96.95
112.25
109.07
99.38
91.51
86.18
86.27
89.12
99.20
109.22
111.36
113.38
101.56
93.21
86.39
86.38
86.31
92.21
104.63
112.95
111.48
105.89
97.64
89.27
86.59
86.52
86.45
95.09
105.73
111.31
111.15
110.48
100.90
91.58
86.42
86.29
91.09
97.37
108.41
114.24
75.05
113.15
112.06
101.25
92.36
86.30
86.37
89.69
99.79
109.95
110.61
110.20
103.60
94.84
87.94
86.43
86.52
87.02
96.45
107.19
111.03
112.36
101.93
92.58
86.18
86.36
88.33
96.73
106.76
110.99
110.66
108.64
98.66
91.56
85.65
86.36
90.44
99.10
108.22
114.65
110.42
77.26
106.75
94.27
76.99
76.29
86.52
92.33
87.33
92.93
105.48
106.05
105.07
102.18
95.33
90.69
86.09
86.35
83.97
88.88
94.89
101.57
104.90
104.80
104.76
105.27
104.71
101.86
95.49
92.45
87.54
86.33
86.34
86.26
87.13
91.34
101.23
110.88
115.25
105.63
94.60
73.51
92.02
86.09
86.22
88.96
97.15
107.31
110.76
113.26
107.16
95.88
91.89
85.10
86.31
86.27
86.50
88.24
90.04
95.60
101.99
105.64
105.75
104.82
104.25
102.69
85.73
80.19
83.93
85.39
79.65
85.53
103.46
113.30
112.13
111.01
104.65
96.42
87.84
85.16
84.24
71.46
96.33
112.25
111.31
109.37
105.37
94.64
86.82
86.26
86.27
93.69
101.89
110.51
111.25
111.60
101.98
94.59
85.85
84.47
87.23
99.73
111.41
109.99
112.14
104.93
96.46
88.67
86.41
86.42
94.01
101.41
111.15
108.61
109.89
107.20
95.25
87.74
86.56
86.97
99.89
110.05
76.50
110.58
109.11
111.92
106.29
97.05
87.21
86.44
86.23
95.27
103.26
111.69
110.00
112.67
99.28
93.04
86.09
85.13
88.01
99.19
111.89
113.34
109.30
99.86
92.67
86.30
86.47
93.06
101.56
105.50
111.76
111.66
105.52
85.91
77.08
83.06
93.23
103.10
95.72
95.69
100.27
79.75
86.19
86.36
92.84
99.73
111.36
110.26
112.17
98.87
91.62
86.35
86.42
89.73
95.21
102.61
110.90
111.38
106.68
95.22
85.87
86.25
87.24
98.18
107.52
110.63
110.69
110.02
100.39
91.91
86.46
86.38
94.49
106.73
111.22
109.92
110.82
100.01
91.59
85.58
85.33
73.83
89.03
96.69
106.10
110.94
110.40
108.10
97.12
88.50
86.26
86.47
93.94
103.18
110.20
110.33
110.10
100.58
91.76
84.55
85.49
91.94
100.34
110.25
110.46
110.02
104.02
95.39
88.84
86.42
87.66
98.18
107.58
111.25
110.54
109.21
99.29
90.06
86.36
85.75
94.90
109.19
73.33
96.10
96.52
98.18
86.84
77.97
85.15
101.23
116.34
110.26
101.33
96.35
90.22
86.15
86.02
88.15
96.87
106.68
109.95
112.03
99.37
94.75
87.78
86.45
86.45
92.85
101.41
109.99
118.41
109.90
99.93
92.38
86.26
86.37
93.35
101.75
110.95
110.76
108.28
97.60
70.38
96.69
87.98
84.96
89.21
99.33
110.67
111.64
110.43
104.76
96.18
88.81
85.44
86.94
92.68
102.08
111.38
112.32
109.10
99.81
89.42
86.31
86.12
93.36
102.11
112.60
114.99
93.66
84.60
81.18
85.94
92.43
92.01
95.64
113.84
106.40
96.30
88.55
84.47
87.57
97.70
79.22
108.97
110.70
111.36
107.92
99.03
91.82
86.24
86.23
95.84
103.66
110.86
111.71
112.98
101.48
95.06
87.46
85.31
85.10
95.48
107.78
113.70
112.01
103.00
94.93
87.33
86.31
89.15
97.67
106.61
113.09
114.16
104.17
95.33
89.27
86.33
86.30
91.27
99.02
114.28
111.15
82.94
111.11
104.90
97.64
88.52
86.33
86.41
98.00
108.73
111.71
110.88
105.31
94.83
87.57
86.15
90.69
99.73
107.17
108.97
113.52
100.14
93.06
86.19
86.23
88.73
98.73
107.87
113.40
112.28
102.22
95.11
88.06
86.26
86.25
93.91
101.66
95.20
93.67
106.18
93.08
65.23
77.75
81.36
91.67
99.49
109.33
111.03
111.31
107.22
98.60
90.56
86.31
86.45
93.87
100.93
111.89
110.80
108.28
96.09
87.82
86.09
86.06
93.51
95.68
104.15
112.36
110.67
104.97
95.02
86.24
84.86
92.58
100.39
110.10
111.99
111.06
106.43
96.87
86.66
85.42
85.66
72.07
95.36
103.70
110.09
111.33
111.06
103.04
93.80
86.77
86.31
86.37
92.01
101.85
111.73
111.62
107.65
97.18
87.94
85.22
84.90
94.44
93.16
95.54
109.54
103.40
93.07
75.78
79.08
100.06
112.03
111.00
110.54
104.47
95.83
89.03
86.41
86.41
94.91
106.55
111.22
71.29
112.81
111.11
102.38
94.49
87.90
86.27
88.44
96.40
104.59
110.10
106.37
110.88
104.53
95.86
88.36
86.35
85.70
92.92
103.13
115.84
111.64
100.58
89.91
86.36
86.14
92.15
99.19
109.32
111.73
111.65
106.04
94.94
88.28
86.36
86.34
92.53
101.10
110.82
114.37
105.66
83.51
100.04
92.76
86.19
86.26
91.90
102.53
111.38
111.66
109.18
97.52
87.28
86.40
86.26
94.07
101.47
109.25
110.79
111.45
99.90
89.85
86.24
86.24
93.78
101.51
110.95
109.87
108.44
98.05
78.77
75.72
88.93
103.96
111.15
97.02
87.28
86.74
85.72
85.93
94.02
77.00
102.26
111.57
111.18
110.01
96.46
88.62
84.93
85.17
95.20
100.97
106.09
105.59
106.12
107.20
98.42
91.52
90.83
86.37
94.80
94.70
94.44
96.40
96.32
96.42
97.00
92.60
92.06
92.34
91.84
92.54
87.67
84.27
84.19
84.44
89.15
88.42
86.61
88.82
82.67
68.93
86.66
110.88
102.44
95.12
86.86
86.30
86.42
95.92
108.04
112.11
110.60
105.71
93.63
86.13
86.06
91.18
97.47
109.66
108.49
113.07
99.05
89.66
86.18
86.32
96.51
106.75
110.60
110.26
107.69
98.70
91.23
86.34
86.33
92.79
100.59
109.11
109.42
108.05
85.50
76.39
74.93
90.11
98.60
95.97
98.05
109.10
97.37
89.18
86.36
88.91
95.85
103.74
110.70
109.90
109.51
99.11
91.90
83.86
85.78
96.20
107.11
111.66
110.73
104.63
95.46
86.41
86.39
86.33
94.24
101.93
111.29
110.24
111.29
105.23
96.56
88.94
86.28
85.78
96.03
105.57
75.98
112.81
111.72
111.25
107.20
96.94
88.87
86.33
86.47
95.53
104.44
110.89
110.68
113.17
101.09
93.40
86.19
85.81
85.20
93.63
101.63
114.03
100.33
95.98
89.86
86.45
85.29
83.27
89.83
111.87
112.91
110.22
100.42
93.03
86.28
86.34
87.04
97.17
103.87
110.31
108.36
86.88
101.91
94.03
86.28
86.43
88.60
99.89
107.10
111.64
111.35
105.77
96.75
88.81
86.32
86.38
92.34
99.40
106.90
113.88
113.19
101.53
92.61
85.34
85.72
93.45
103.42
111.49
109.97
111.18
106.11
96.11
88.61
85.75
88.92
98.20
105.60
108.67
111.59
104.29
95.07
85.73
71.77
86.06
84.86
91.29
99.83
109.14
111.04
114.94
105.63
96.76
88.65
86.34
86.42
93.58
101.05
111.73
110.07
108.44
100.16
91.39
85.67
86.32
94.82
100.63
109.39
110.76
110.72
104.31
93.61
79.29
76.00
84.49
98.49
111.89
96.07
96.67
94.36
85.25
84.87
84.32
91.33
112.81
112.72
110.22
98.93
90.12
86.27
86.08
93.00
101.94
111.86
109.84
110.38
99.19
92.39
86.28
86.35
88.14
99.65
111.43
109.94
111.02
114.40
102.57
95.31
87.97
86.51
86.32
92.48
102.65
110.74
110.13
111.08
104.56
94.55
88.43
86.38
88.11
96.98
108.92
110.08
83.20
109.60
104.40
95.90
88.43
86.18
87.74
93.59
103.19
110.83
111.58
111.10
103.15
94.30
87.13
86.33
86.05
90.66
100.19
111.89
112.27
110.83
101.14
92.04
86.35
86.34
90.52
100.37
109.89
111.55
110.92
106.90
95.78
86.82
85.04
82.84
90.66
98.35
115.16
98.37
63.33
86.13
92.45
90.07
85.98
86.25
86.21
86.81
86.89
93.47
103.09
110.86
111.02
105.17
104.07
94.49
86.90
84.35
86.54
100.37
113.31
114.59
109.37
99.88
92.24
86.23
86.31
90.74
99.65
110.83
111.99
110.66
98.55
89.60
85.34
86.40
94.59
102.40
112.13
114.91
103.60
82.35
98.18
89.86
86.18
87.00
92.84
100.98
109.89
110.08
113.22
107.12
96.92
88.40
86.34
86.33
95.51
104.27
106.65
110.89
109.74
110.80
101.68
94.97
86.01
86.34
86.27
92.81
99.60
108.74
110.16
110.82
107.81
98.65
92.06
86.17
86.32
88.98
95.48
108.29
111.42
75.62
97.71
94.29
88.65
85.52
85.06
84.35
92.38
111.57
112.67
104.62
95.89
88.64
86.25
86.26
87.84
90.41
95.74
110.59
109.12
113.12
101.47
92.64
86.30
86.37
86.90
93.22
101.16
105.66
109.67
110.86
111.50
103.03
95.68
88.59
86.29
87.35
93.16
109.30
115.69
77.15
111.64
105.72
95.72
87.41
86.27
86.30
93.05
102.36
112.82
110.90
110.61
98.97
91.65
86.23
86.38
89.36
96.91
104.43
112.57
111.26
98.78
87.17
86.22
87.87
97.79
105.84
110.37
96.49
92.45
91.74
89.16
81.78
79.03
89.71
109.55
113.65
113.48
98.84
92.90
88.10
73.21
88.51
85.45
86.19
94.65
102.56
111.22
113.47
111.09
101.56
93.96
85.46
86.45
87.09
94.97
104.88
109.93
107.23
110.35
96.40
88.62
86.37
87.21
96.73
104.42
114.25
111.09
104.45
144.68
144.05
144.28
144.59
144.28
144.01
143.13
143.11
144.13
144.83
142.90
143.56
140.64
140.02
143.63
142.67
106.23
141.84
142.18
142.37
136.16
125.82
132.19
127.61
135.27
133.98
129.87
131.01
133.55
134.61
137.89
137.52
137.27
138.48
138.89
139.01
140.47
139.12
139.90
135.21
130.85
132.82
143.51
144.00
144.90
144.76
144.74
144.93
141.39
137.79
141.95
140.58
143.98
144.33
143.97
144.31
144.02
144.18
144.92
144.85
144.44
145.34
141.29
143.70
139.33
126.41
121.94
130.95
138.55
136.81
93.13
127.10
126.36
141.73
144.74
144.59
144.61
145.18
144.58
145.14
144.44
143.93
144.20
139.40
144.13
143.93
144.40
144.15
144.23
144.40
144.13
143.42
138.67
142.57
141.80
143.47
143.31
143.42
143.25
143.51
143.15
142.71
143.20
143.29
143.06
143.71
143.15
143.06
142.94
143.17
143.36
143.84
143.68
142.56
141.33
139.94
140.95
143.47
142.72
141.02
136.27
95.11
73.36
98.98
98.83
99.05
99.67
99.18
99.20
98.76
98.80
99.26
98.67
106.14
116.31
144.09
143.74
144.01
143.38
143.06
141.38
143.37
143.04
143.06
143.38
140.44
139.92
125.94
127.06
126.03
141.93
143.01
141.23
126.11
126.98
132.68
143.41
143.45
142.07
143.80
143.86
143.82
144.66
143.97
143.70
141.92
141.65
142.67
140.84
103.88
144.70
143.63
144.45
144.40
143.74
144.01
144.59
144.11
145.18
144.24
144.57
144.63
144.22
144.33
143.61
144.24
143.61
142.97
144.38
143.96
144.11
143.88
141.84
144.40
143.93
143.78
144.61
144.27
144.62
144.20
144.75
144.88
144.04
144.44
144.87
144.75
144.17
144.19
144.80
143.97
145.15
145.09
145.10
144.90
145.00
144.40
144.71
143.73
144.67
142.39
143.93
143.33
112.22
144.45
143.63
144.55
140.54
144.97
144.01
144.50
144.15
145.40
143.96
143.65
144.84
144.67
144.71
144.32
143.68
144.01
144.75
144.84
145.02
144.71
144.11
142.02
143.55
143.79
143.97
144.32
143.82
143.84
145.53
145.02
144.54
145.27
144.26
145.24
144.51
144.14
144.59
144.26
144.72
145.23
142.31
144.54
136.96
126.34
126.52
134.43
143.13
141.78
135.54
126.80
123.37
129.65
144.55
143.10
144.77
144.72
145.57
144.63
144.89
145.18
144.84
144.55
144.59
144.83
145.02
144.49
144.54
141.93
144.51
143.70
145.10
144.55
144.75
144.10
141.44
144.64
144.04
144.18
144.36
145.31
144.94
145.06
144.79
144.55
144.64
144.20
144.22
145.26
140.92
143.97
144.00
144.71
144.13
144.75
144.83
143.38
142.32
144.54
143.70
144.67
144.67
143.48
144.67
143.84
108.50
143.64
144.49
144.63
144.49
144.28
144.98
144.66
144.29
144.68
144.40
144.14
144.23
145.57
143.41
145.59
144.24
143.78
144.57
145.13
144.97
140.03
144.83
141.32
144.11
144.09
145.07
144.67
144.09
143.93
144.09
144.22
143.23
144.05
143.84
144.57
144.88
144.13
144.96
144.33
144.94
144.18
144.20
145.05
145.43
144.05
144.67
145.14
144.04
144.71
143.04
145.19
141.62
131.98
138.99
125.93
127.67
128.36
141.16
143.80
141.65
124.42
127.77
129.34
143.82
144.07
144.55
145.47
145.49
144.59
142.87
144.09
144.51
144.75
144.75
144.81
138.40
142.78
142.07
143.40
143.77
144.89
144.90
144.98
144.70
140.24
144.66
144.35
144.01
144.92
144.44
144.40
144.98
144.54
144.79
144.53
145.48
144.13
144.13
145.06
144.74
145.11
144.51
143.19
143.68
143.17
107.64
143.65
145.41
144.51
144.71
145.57
144.46
144.71
144.88
145.02
144.57
142.73
144.63
145.14
144.93
144.01
144.48
144.40
143.80
144.09
145.22
142.72
144.48
142.29
142.29
144.92
143.97
144.75
144.74
144.55
144.24
144.26
144.45
144.20
144.29
141.77
129.59
128.07
126.17
141.70
144.98
143.28
130.40
127.55
126.86
144.22
144.98
144.51
144.28
143.73
142.10
144.32
142.08
107.18
144.32
144.36
145.18
143.89
144.71
143.57
145.02
141.82
145.27
144.11
144.94
143.71
144.48
141.47
145.10
144.06
145.09
143.97
144.55
144.11
144.71
144.17
141.51
143.63
143.09
144.18
144.74
144.00
144.51
144.71
144.67
144.00
143.89
143.27
144.97
143.63
143.82
144.17
144.36
143.80
144.92
144.75
145.02
144.19
144.85
144.57
144.72
143.73
144.75
142.63
144.80
142.97
107.84
143.50
144.62
145.26
144.67
144.53
144.79
145.03
144.17
143.92
144.37
145.22
144.64
144.94
145.41
144.44
145.02
144.59
139.57
144.35
144.09
144.76
138.98
135.78
138.69
142.94
142.97
145.30
144.22
142.80
143.04
144.74
144.50
144.87
144.13
144.20
144.72
145.30
143.82
144.79
144.29
144.76
143.19
144.59
144.22
138.46
138.57
136.05
126.66
125.53
132.10
141.79
140.62
102.53
125.73
127.61
134.58
143.68
143.97
144.54
144.63
144.84
145.14
145.26
143.40
143.93
144.72
145.19
144.83
144.19
145.02
145.02
144.35
145.02
144.93
144.54
138.98
142.86
142.67
143.93
145.40
144.97
144.97
141.57
144.17
144.40
144.38
144.94
144.10
144.40
145.07
144.01
144.61
144.28
144.75
144.51
144.59
142.99
142.97
143.01
144.85
143.83
143.80
142.18
144.37
142.22
106.99
142.38
144.50
145.10
143.79
145.00
143.98
144.53
143.86
144.22
144.06
144.97
144.59
144.33
144.49
144.48
144.04
144.59
144.48
144.93
144.44
144.62
144.23
142.91
142.81
144.33
143.88
144.51
144.92
144.67
144.09
145.48
143.74
144.01
143.97
144.85
144.18
144.90
144.79
145.11
143.98
144.74
143.86
144.67
144.05
145.06
145.27
145.18
144.49
144.40
142.81
141.90
140.30
106.59
137.93
136.05
138.58
140.54
123.67
122.95
127.37
141.80
141.21
141.60
128.84
127.13
127.13
143.48
141.99
144.79
144.57
144.76
144.87
143.88
144.67
144.45
140.91
141.65
138.38
138.05
143.13
139.43
136.90
137.77
138.43
139.21
139.82
140.91
138.91
139.81
140.65
140.70
139.99
141.12
140.46
140.21
140.16
138.73
139.92
140.74
140.75
138.52
139.56
139.56
136.24
132.91
103.70
138.81
135.10
137.92
139.09
138.55
139.74
137.73
139.99
139.66
139.09
139.31
139.66
138.94
139.51
139.27
139.63
139.82
139.76
138.73
139.58
139.48
139.88
138.40
134.52
138.91
139.19
139.48
139.48
139.74
139.34
139.34
140.43
139.70
140.20
138.56
139.85
135.76
131.94
121.91
121.55
132.51
138.37
136.78
135.30
121.63
122.02
128.63
138.79
136.68
135.18
104.06
138.30
137.79
138.55
138.87
140.14
139.41
140.54
140.05
140.80
139.23
136.62
139.21
138.46
137.26
140.52
139.56
140.70
140.21
140.05
139.88
139.74
139.87
139.45
138.30
138.42
140.53
141.06
140.00
140.15
141.01
140.71
140.10
139.24
140.51
140.92
139.34
140.43
141.07
140.40
140.16
138.70
140.25
140.03
140.71
140.32
140.02
140.08
139.99
139.99
139.46
135.13
135.27
134.24
139.59
138.83
140.18
140.32
139.88
140.36
140.20
140.85
140.40
139.23
139.70
139.91
139.93
140.29
139.37
140.10
140.57
139.19
139.42
140.05
139.59
140.27
139.91
134.15
138.38
139.99
140.15
140.05
140.32
140.46
140.62
140.43
140.05
140.21
139.99
139.77
140.91
140.11
140.26
139.34
140.91
139.79
140.74
140.80
140.51
139.92
133.47
135.88
139.16
121.20
117.88
95.98
135.71
141.02
129.99
120.29
119.57
124.25
141.10
139.27
138.88
140.29
140.54
141.16
143.17
144.50
144.11
144.61
144.42
144.75
144.40
144.13
145.09
144.75
144.49
140.08
144.50
144.76
144.13
144.24
144.28
145.26
144.90
145.00
144.57
145.40
145.38
143.87
144.70
144.98
144.40
144.54
142.78
145.19
143.98
144.40
143.86
144.68
144.87
143.82
145.02
144.05
140.31
108.42
144.00
144.41
143.93
144.70
145.02
145.06
144.36
144.35
144.24
144.64
144.87
144.63
144.85
144.71
144.63
144.67
145.02
144.48
144.13
143.47
144.90
144.26
141.84
139.98
136.32
141.78
145.38
145.01
144.51
145.22
144.63
142.99
133.52
126.89
127.19
136.78
143.78
142.58
133.05
127.57
125.94
143.97
144.42
144.51
144.09
144.79
144.59
144.63
145.02
144.66
143.01
139.59
109.03
144.32
144.13
144.20
143.83
145.07
144.68
144.31
144.02
144.76
143.97
144.46
144.54
145.02
144.58
144.94
145.28
144.17
143.93
143.77
143.08
138.80
140.97
141.39
144.18
142.13
143.77
144.57
144.27
142.60
143.75
144.22
143.66
143.52
145.28
144.84
145.06
144.26
144.68
144.26
144.67
144.64
143.80
144.75
144.57
144.33
144.06
144.68
144.20
145.20
145.10
142.82
141.28
110.21
144.35
145.53
144.36
144.66
145.06
145.05
144.75
144.05
144.75
144.44
144.07
144.97
143.51
144.81
144.97
144.74
144.79
144.55
143.20
144.36
143.59
144.11
144.62
144.50
144.27
144.45
143.82
144.32
144.44
144.71
144.22
143.97
144.71
144.24
143.88
144.02
144.06
144.74
144.29
143.97
144.01
144.14
144.18
144.79
142.26
144.67
134.12
127.09
126.75
138.76
143.36
139.54
99.93
126.12
127.05
142.75
144.55
144.75
144.44
145.97
144.45
144.46
144.54
144.98
144.87
144.83
143.96
144.94
143.83
145.00
143.88
144.18
144.67
140.37
143.95
144.55
144.59
143.09
144.24
145.34
144.50
142.52
143.86
144.64
143.97
144.64
144.32
144.51
144.27
144.87
144.40
145.24
143.83
145.19
144.61
144.41
144.14
144.79
143.57
145.63
144.17
145.47
144.57
145.41
141.88
108.44
145.38
145.38
143.87
144.23
144.81
144.32
145.10
144.80
144.67
144.40
144.63
145.06
144.79
144.88
145.03
144.32
144.59
144.53
143.74
144.02
145.01
144.71
144.44
145.64
144.63
143.52
142.07
144.68
144.97
144.32
144.51
144.79
143.66
144.32
145.02
144.20
144.45
145.63
145.05
145.06
145.14
144.63
144.31
144.13
144.77
145.53
145.43
144.94
145.38
145.14
144.70
143.00
108.12
144.45
141.57
138.33
144.46
139.42
140.30
141.49
140.18
140.80
140.29
139.94
140.25
141.36
140.51
141.46
143.24
145.10
139.70
128.64
129.66
132.86
144.88
144.55
144.32
141.72
145.03
144.45
144.98
145.14
144.63
142.07
144.67
144.83
144.26
145.10
144.87
143.87
144.51
144.97
145.19
145.09
145.60
145.38
144.24
144.40
144.20
145.53
144.85
145.22
144.94
145.40
141.99
108.16
145.00
143.59
138.93
143.91
144.35
144.83
144.70
144.70
144.24
145.53
144.42
143.83
144.54
143.42
144.13
145.61
144.84
145.11
144.27
145.26
144.36
144.96
143.93
144.40
144.46
145.02
144.87
143.82
144.75
144.67
144.89
144.55
144.75
144.63
145.22
145.14
143.55
141.46
129.87
130.50
129.70
142.92
144.93
142.56
127.25
128.96
131.55
145.38
144.17
143.96
145.10
139.79
112.70
144.51
144.98
144.77
144.83
144.87
144.51
144.90
145.41
144.45
145.00
144.55
144.36
144.72
144.54
143.93
144.94
144.71
143.61
142.37
141.26
144.81
144.55
144.92
144.07
143.89
144.41
145.41
144.36
144.76
144.24
145.00
145.49
143.46
144.58
144.29
144.94
144.26
144.84
145.02
144.26
145.26
144.00
145.76
144.79
144.37
144.63
144.93
144.44
144.59
145.10
144.79
143.74
108.92
144.15
143.97
144.13
144.50
144.13
144.55
144.83
144.18
143.97
144.62
144.92
144.81
143.50
145.60
144.09
145.05
145.63
144.62
144.59
144.71
144.96
143.14
144.41
144.63
143.61
144.59
144.17
144.50
144.37
144.31
143.86
144.19
144.44
145.03
144.54
144.75
144.67
144.18
144.58
145.05
145.01
143.93
144.61
144.59
144.66
142.44
141.79
141.28
124.16
128.09
131.70
141.58
103.48
136.67
126.57
127.98
131.20
143.59
144.27
143.84
143.88
144.48
144.59
144.06
144.26
144.44
143.71
144.26
142.14
144.57
144.74
144.64
143.84
144.83
144.98
144.96
144.17
143.97
143.47
144.37
141.94
140.11
139.99
143.20
144.67
145.17
144.71
144.02
144.17
144.59
144.41
144.23
144.33
144.38
144.70
144.98
144.55
144.71
144.32
144.42
143.91
145.02
144.68
144.77
142.97
133.31
144.17
144.72
144.79
144.58
145.38
144.89
144.28
145.47
145.38
144.37
145.02
144.48
143.89
144.63
145.63
145.24
144.59
144.27
144.64
144.94
144.59
144.51
145.07
144.81
145.35
143.95
145.36
144.53
144.75
141.51
131.73
128.59
127.76
137.93
144.41
142.89
131.59
127.99
127.75
143.28
144.77
144.89
144.40
145.23
139.92
141.77
145.06
144.58
144.33
143.09
144.88
143.42
140.41
111.39
144.09
145.86
145.24
143.25
144.94
144.71
145.02
144.48
144.20
144.75
144.46
144.40
144.13
144.90
144.50
144.74
144.32
144.75
64
