76.23
63.64
55.67
65.92
64.23
75.53
65.02
63.27
51.06
48.66
65.99
80.57
60.28
64.03
65.70
50.20
63.69
64.46
41.50
51.48
63.27
50.17
77.13
49.60
76.59
64.23
51.27
75.36
49.81
75.27
55.30
56.36
80.13
52.74
58.73
76.31
79.87
75.23
49.72
64.28
45.05
65.15
64.90
63.59
51.31
79.42
64.02
50.27
74.99
64.96
49.57
79.70
73.97
64.46
50.71
75.41
64.56
49.21
64.43
80.39
63.71
64.17
64.15
47.26
64.68
50.61
81.31
79.02
79.52
79.57
80.11
80.12
79.27
80.07
79.52
79.24
74.93
64.25
75.85
63.81
63.89
76.53
62.50
63.38
74.13
64.20
62.30
64.08
59.54
59.41
54.56
79.13
75.62
62.83
64.06
63.52
63.04
75.72
65.08
75.24
79.97
79.05
62.15
64.53
74.89
63.50
74.52
63.16
80.05
80.67
75.02
64.10
79.29
79.24
78.67
79.47
80.57
40.91
75.75
63.65
62.88
79.63
64.43
76.24
80.08
81.40
75.43
75.60
79.77
80.21
63.19
86.12
96.50
98.11
97.78
97.32
97.85
98.29
97.26
98.17
101.44
98.67
98.96
98.74
98.38
98.44
98.89
98.27
98.42
95.46
68.61
95.82
93.01
81.21
87.99
96.98
98.62
122.85
133.30
142.89
142.80
142.46
142.97
142.51
141.99
143.54
141.53
144.93
145.02
144.46
135.54
135.80
137.27
142.28
145.00
145.28
145.80
145.03
144.46
145.70
144.67
145.61
145.41
146.17
146.09
145.45
145.06
145.73
145.22
145.30
146.03
145.97
145.20
145.27
144.94
145.52
145.38
146.65
145.45
102.53
145.64
146.41
145.26
145.97
145.81
145.73
146.05
147.06
145.19
145.57
146.73
146.18
145.27
145.06
145.51
146.45
145.97
145.65
145.66
146.42
145.57
146.02
145.52
145.78
145.97
146.01
146.37
145.90
144.98
146.25
145.47
145.69
145.30
146.14
145.09
146.75
142.96
132.92
127.63
129.30
137.55
144.90
143.87
137.27
129.21
129.68
142.07
146.29
146.37
146.35
145.94
142.60
106.71
142.75
145.14
145.40
145.65
145.43
145.69
146.22
146.53
145.93
146.25
146.47
146.10
144.83
145.55
146.85
145.94
146.05
146.67
145.65
145.44
145.53
145.85
145.53
145.77
145.99
145.89
146.06
146.54
145.38
146.25
145.73
145.59
146.58
145.69
145.53
145.52
145.77
145.60
144.87
146.31
145.74
145.24
146.41
146.01
146.17
145.49
145.00
146.35
146.79
145.92
146.03
145.61
145.03
109.63
146.34
145.94
146.41
146.07
146.18
145.89
145.10
146.97
144.98
145.69
145.38
145.90
145.82
145.61
146.34
144.62
145.77
146.03
145.14
146.30
145.74
146.33
146.51
145.60
143.96
145.77
146.37
145.31
145.38
146.22
146.29
145.55
145.85
146.15
145.32
146.17
146.06
146.61
145.34
146.26
145.56
146.17
146.21
145.69
145.86
143.32
143.69
142.05
130.66
128.13
129.65
141.64
108.04
142.53
129.72
130.78
133.28
145.06
146.61
146.39
146.06
146.17
146.37
145.09
145.53
146.61
146.29
146.45
145.93
146.13
146.49
146.29
145.97
146.69
146.53
146.41
146.30
146.89
144.90
145.89
146.13
145.93
145.43
146.25
142.78
145.98
145.43
146.21
146.46
146.29
145.70
146.06
145.69
146.37
145.38
145.69
146.61
146.15
145.38
146.87
145.45
146.06
145.76
146.37
145.94
143.86
112.86
146.57
145.53
145.82
146.03
146.33
145.53
145.99
146.13
145.86
145.45
145.43
145.93
146.47
146.13
145.90
146.45
145.80
145.97
147.05
146.55
146.23
145.57
145.85
145.41
145.81
145.45
146.33
144.62
144.00
131.69
130.17
129.98
143.37
141.95
144.09
128.74
129.13
130.85
145.32
146.27
145.78
145.73
145.32
145.73
146.19
145.06
145.81
145.80
145.88
145.57
145.39
143.52
109.13
145.49
145.68
145.49
145.65
145.39
146.13
145.73
146.33
145.35
146.09
145.05
143.70
145.65
145.89
146.09
145.61
146.30
146.14
145.89
146.05
145.28
145.57
146.21
145.89
146.13
145.69
145.74
146.59
146.29
145.77
146.59
146.29
145.74
146.66
146.11
146.66
145.45
146.47
146.23
146.17
145.69
145.69
146.95
146.21
146.53
146.47
146.53
146.34
145.06
145.97
145.44
145.66
145.66
109.94
144.72
145.73
145.89
146.34
145.92
146.78
146.69
146.01
145.89
144.94
146.15
146.83
145.57
146.45
145.06
145.32
145.49
146.09
145.85
145.82
145.82
146.53
145.93
146.19
145.49
146.15
146.26
145.22
145.19
146.30
146.22
145.73
145.19
146.09
145.89
146.01
145.93
146.10
144.85
143.63
145.05
140.82
128.20
129.80
135.39
145.30
144.28
133.05
129.96
124.54
138.94
137.44
130.67
145.63
145.92
146.77
146.15
146.50
145.53
147.09
145.78
146.01
146.17
146.21
146.17
146.27
144.77
146.13
145.77
145.86
143.61
146.91
145.76
146.94
146.21
145.99
144.83
146.18
145.26
145.41
145.77
146.59
146.18
145.44
146.17
146.03
145.68
146.25
146.25
146.01
145.55
146.21
146.05
146.97
146.01
146.41
146.22
146.37
146.71
145.05
145.93
146.17
146.18
146.57
145.57
145.02
110.07
146.21
146.10
146.17
146.57
146.73
145.97
146.02
146.73
146.07
145.66
146.11
146.01
146.01
146.61
145.81
146.53
146.73
146.70
146.77
146.47
146.13
146.87
146.17
146.90
144.85
146.19
146.01
145.06
145.70
146.10
145.82
146.07
146.02
146.29
145.93
146.17
146.73
145.95
145.85
146.51
146.27
146.35
145.81
145.69
145.57
146.34
145.49
146.34
145.41
146.61
144.09
144.06
144.53
97.54
128.98
133.21
144.55
144.06
137.73
128.81
129.13
138.08
146.73
145.85
145.57
145.88
146.01
143.74
146.90
145.61
146.07
145.85
145.68
145.64
145.65
144.79
145.98
145.35
145.02
145.43
146.37
145.53
146.93
145.41
145.20
145.65
145.93
145.02
146.58
146.21
146.35
145.11
146.45
144.76
145.88
145.65
145.61
145.92
145.77
145.82
145.11
146.14
145.10
145.20
146.45
145.26
109.76
145.78
146.58
145.97
146.86
146.26
146.05
146.26
145.69
146.45
145.98
146.05
146.26
146.45
146.29
145.98
145.68
145.95
145.45
146.35
145.80
145.93
145.74
145.73
146.65
144.98
145.38
146.01
146.30
146.13
145.76
145.98
146.41
145.22
144.79
139.97
127.34
129.15
136.39
145.77
144.87
132.07
130.56
128.93
145.10
146.29
145.02
145.72
146.25
146.13
146.57
146.49
145.82
108.55
146.37
146.09
145.98
142.29
146.29
144.75
146.37
146.15
145.88
145.45
146.89
143.88
146.09
145.81
145.89
145.34
146.65
145.60
146.18
146.31
146.05
145.56
146.70
144.76
146.02
145.47
146.13
145.41
146.22
145.92
145.94
145.31
145.80
145.32
145.72
145.85
145.85
145.64
146.50
145.56
145.95
146.01
145.97
145.86
146.85
145.41
146.09
145.11
146.42
145.60
146.55
145.06
145.97
109.63
146.02
146.19
145.60
145.92
145.61
146.65
146.01
146.90
144.97
145.74
146.13
144.85
146.38
146.39
145.92
145.76
145.80
145.82
145.69
146.73
145.14
145.77
146.14
144.87
146.29
146.69
146.65
146.50
145.56
145.18
145.95
145.65
145.86
145.82
145.69
145.84
146.31
145.69
146.27
145.85
146.31
146.17
146.30
146.07
146.30
145.47
143.93
144.68
144.23
128.38
129.71
129.80
141.31
109.03
137.34
128.23
129.26
137.10
145.89
145.06
146.47
146.01
146.01
145.61
146.61
145.90
145.89
144.57
145.65
146.31
146.26
145.43
146.09
145.22
146.13
145.85
145.85
146.43
145.48
145.72
145.49
146.18
145.89
145.09
145.98
144.98
145.63
145.85
146.59
146.05
146.01
145.57
146.85
145.57
146.29
145.84
145.36
145.14
145.74
146.22
146.50
145.86
145.97
144.63
146.81
146.17
108.43
145.44
145.74
146.13
145.97
146.27
146.49
145.35
146.45
146.17
145.65
145.69
145.49
146.18
146.29
146.05
146.03
145.89
146.10
146.33
146.21
145.72
145.90
145.72
146.25
145.02
146.13
145.34
145.59
146.38
144.87
142.14
127.58
129.19
131.42
144.79
145.74
138.73
128.92
129.07
136.40
146.02
145.57
145.65
143.79
145.40
145.89
146.25
145.19
146.30
146.61
145.60
146.18
142.78
111.96
145.77
145.34
145.57
145.69
146.15
146.06
146.09
145.43
145.19
146.27
145.07
145.39
144.84
145.66
146.13
146.41
145.72
145.64
146.13
146.47
145.93
145.77
145.57
145.52
144.59
145.66
145.34
146.53
145.65
146.81
145.69
146.27
144.70
138.08
141.11
142.90
144.63
141.43
136.69
142.18
139.41
141.16
145.06
145.02
145.88
146.57
145.77
145.23
145.63
146.37
145.39
140.95
105.45
145.03
146.09
145.81
145.93
141.54
140.95
145.76
146.55
144.67
145.78
138.44
141.26
144.09
143.37
141.21
141.53
142.53
143.54
141.22
120.94
138.31
145.65
145.89
145.02
145.61
138.62
144.81
144.75
144.83
141.67
143.95
146.02
146.11
145.34
143.92
138.79
143.86
142.90
144.90
135.84
142.92
141.95
126.70
123.13
123.33
137.73
111.85
128.08
128.41
129.18
143.34
136.83
104.92
142.44
143.09
140.40
144.74
145.65
146.21
138.24
140.30
142.60
143.82
143.79
144.58
144.94
145.97
144.80
143.75
143.25
145.11
143.57
143.66
143.89
143.40
144.98
145.63
146.29
141.23
144.36
143.20
144.85
144.10
144.63
144.31
144.37
145.49
146.01
141.97
138.18
136.89
137.47
136.15
137.66
137.30
136.86
140.03
146.05
145.55
146.05
145.59
145.72
145.93
145.90
145.23
145.85
143.03
139.16
111.43
145.64
144.19
146.19
146.13
145.53
146.29
146.05
145.57
145.64
145.92
145.09
146.14
145.93
146.25
144.55
145.34
145.77
145.89
146.49
146.01
146.01
139.83
146.31
145.41
145.97
145.14
146.29
145.44
144.94
146.09
145.69
145.76
142.78
146.01
145.89
145.65
146.01
146.53
146.89
146.09
146.26
145.11
146.05
146.03
145.93
145.63
144.75
141.39
138.91
127.26
128.10
133.58
143.28
123.30
121.85
130.18
144.94
145.77
146.35
146.74
146.39
146.29
145.70
145.65
145.65
146.05
145.88
146.13
145.93
146.37
146.05
146.73
145.61
145.99
145.70
146.13
146.39
146.02
146.15
146.09
145.89
145.49
145.40
145.64
146.49
146.51
145.99
146.65
146.54
146.45
145.53
146.27
146.58
145.76
146.13
146.89
146.25
145.89
146.05
146.21
146.05
145.97
145.69
146.29
146.90
145.92
146.22
145.77
146.38
109.43
146.70
144.79
145.65
146.33
146.55
145.90
145.82
146.02
144.85
145.66
145.93
146.27
146.07
146.37
146.17
145.49
146.33
145.52
143.40
145.69
146.53
145.89
146.07
146.19
145.72
145.56
143.43
141.68
128.39
129.61
131.91
144.90
144.37
131.01
129.88
128.60
144.49
146.25
146.05
146.77
145.65
145.86
145.51
145.24
145.53
145.89
145.98
146.29
146.01
146.38
146.09
145.74
146.03
142.31
109.22
145.78
145.44
146.51
144.54
146.17
145.10
145.56
146.07
146.15
145.56
146.18
144.83
145.59
146.01
146.25
145.95
146.81
145.90
146.02
145.53
144.33
145.65
146.29
145.89
146.45
145.10
146.45
145.38
146.75
144.84
146.26
145.80
145.99
145.30
145.36
145.77
146.57
144.94
146.71
145.48
145.88
145.30
146.13
145.69
146.06
145.30
146.50
145.94
146.55
145.34
145.86
145.72
109.70
144.70
145.61
146.42
145.57
145.22
145.73
146.05
146.57
145.82
146.17
146.75
146.25
145.59
145.39
145.65
145.72
145.26
145.35
146.14
145.93
145.72
146.53
145.26
145.64
146.01
145.73
145.60
145.01
145.20
145.31
146.01
146.10
145.68
145.09
144.98
146.14
145.81
145.53
145.52
144.24
145.98
139.34
128.12
128.82
136.33
144.75
144.70
132.03
129.49
128.58
145.69
146.13
142.90
108.83
145.36
145.59
146.09
146.19
146.25
145.35
145.30
145.80
145.81
145.49
145.99
143.78
144.59
144.77
146.21
145.38
145.93
145.86
146.73
145.39
145.97
145.34
146.06
145.81
145.97
145.69
145.93
145.94
145.36
145.20
145.27
144.71
146.09
145.63
145.69
144.84
146.30
145.65
145.86
145.40
146.69
144.87
146.81
145.31
145.97
145.70
145.28
146.11
145.55
146.18
145.86
145.41
109.63
145.77
145.53
146.26
146.02
146.02
145.69
145.63
145.93
145.60
145.76
145.89
145.49
145.93
146.31
146.69
145.60
146.57
145.73
145.99
145.63
146.41
145.65
146.17
145.97
146.29
145.10
146.11
145.77
145.14
145.48
145.22
146.05
146.62
146.31
145.45
145.51
144.24
145.41
145.63
145.06
146.17
146.13
146.03
145.81
146.41
145.97
146.33
145.30
146.09
143.78
146.03
134.51
127.35
98.39
143.08
145.38
142.92
131.72
128.99
128.26
145.09
146.31
146.09
145.51
146.65
145.89
146.90
145.81
145.61
145.60
145.61
146.05
146.21
145.70
145.98
145.30
146.09
146.29
145.88
145.53
146.26
145.77
145.31
146.25
146.46
145.22
145.18
146.10
145.80
145.11
146.02
145.44
144.98
145.69
145.65
145.23
146.51
146.61
146.57
145.63
145.93
144.55
146.07
146.13
146.45
144.33
107.91
145.97
145.82
145.92
145.93
146.03
143.50
146.25
146.13
145.38
145.93
145.80
145.56
142.56
145.92
145.69
145.94
145.32
146.31
145.97
146.25
146.50
146.45
144.70
145.53
146.41
145.52
145.93
146.23
145.09
146.27
146.13
145.14
144.04
133.67
128.99
128.94
144.42
145.65
142.85
128.01
129.31
130.73
145.26
146.86
144.97
146.45
146.03
146.86
146.15
145.97
145.70
146.21
108.13
145.45
146.61
146.49
145.76
146.09
146.26
145.85
145.97
145.38
145.53
146.09
146.33
145.81
146.05
142.12
146.46
145.81
145.41
145.38
145.65
145.11
145.69
145.00
145.65
145.93
144.71
145.35
145.39
145.81
145.70
145.59
145.78
145.34
145.34
145.88
145.84
146.79
146.42
145.02
146.62
145.31
145.51
145.65
145.28
145.92
145.66
146.37
145.20
146.15
145.92
146.17
146.57
140.85
107.10
140.90
139.97
142.82
142.95
144.05
142.75
142.33
142.94
142.85
141.36
141.28
142.26
143.98
142.96
142.90
140.91
144.07
144.37
143.33
142.52
136.50
140.52
145.18
142.07
142.56
139.16
140.96
141.36
140.89
141.72
141.62
144.28
146.01
141.11
143.43
141.98
141.52
139.86
144.02
143.06
143.36
140.76
143.01
142.95
143.32
142.41
144.62
136.05
125.14
128.89
134.34
136.16
130.72
94.48
126.77
127.05
138.82
143.15
145.93
145.03
145.48
145.10
145.76
144.79
145.11
144.24
144.50
145.30
145.93
145.26
145.63
145.34
144.85
146.55
146.19
145.30
145.10
146.19
142.75
145.18
145.73
145.61
146.18
145.49
145.74
145.49
146.23
146.17
146.01
146.10
145.94
146.25
145.01
146.13
145.80
144.87
140.40
137.13
135.74
143.20
140.03
141.84
142.90
143.43
141.13
142.65
139.63
136.35
107.20
142.97
137.87
136.17
142.97
141.42
143.17
144.32
144.61
145.98
141.33
139.07
135.82
141.77
142.09
142.41
141.69
141.02
144.55
144.05
142.44
144.76
143.82
143.95
139.62
141.72
143.88
144.97
143.71
146.53
144.98
144.90
145.47
145.40
145.34
146.10
145.30
146.30
145.56
146.13
146.17
145.59
146.22
146.06
145.69
146.13
145.89
145.34
145.27
146.05
146.39
145.06
139.52
106.21
142.14
145.39
128.65
129.84
129.86
143.42
145.89
144.17
127.56
128.97
128.51
145.81
145.99
146.26
146.65
144.72
145.66
146.25
146.33
145.89
146.07
146.37
145.85
143.97
144.84
146.37
145.78
146.37
146.05
146.01
146.19
146.23
146.51
145.89
146.35
146.81
145.57
145.61
146.54
145.81
145.10
146.57
146.49
146.13
145.22
144.93
145.69
145.69
146.05
145.95
146.51
142.67
138.54
145.02
146.53
146.26
145.93
142.17
146.21
145.38
145.52
145.53
146.69
145.61
145.85
146.23
146.19
145.65
146.15
145.19
144.90
146.87
146.41
145.61
146.50
145.61
145.98
146.30
145.14
146.33
145.53
145.95
145.53
146.55
145.72
146.25
145.95
145.51
145.85
146.05
144.24
132.30
129.22
129.09
143.09
145.78
143.40
128.55
129.68
130.22
145.27
145.84
145.27
146.22
142.72
107.55
146.22
146.45
144.79
146.14
146.93
145.30
145.77
145.69
145.98
144.98
146.17
146.33
146.55
145.97
141.32
145.70
146.87
146.17
145.66
145.63
146.19
145.47
145.93
145.92
145.34
145.35
145.74
146.75
146.63
145.56
143.01
146.17
146.17
145.34
145.64
145.78
146.25
144.80
146.33
145.73
146.61
146.03
146.01
145.32
145.49
145.26
146.37
146.06
146.39
146.53
145.94
145.66
144.89
110.08
146.41
145.93
145.60
145.85
145.73
145.32
146.41
146.38
146.43
145.77
145.56
146.49
146.02
145.34
144.98
146.19
145.30
145.89
144.67
146.25
145.99
146.22
145.30
144.94
145.14
145.11
145.56
145.07
146.35
145.61
145.43
145.73
146.89
145.64
146.67
146.13
145.84
146.30
145.77
146.21
146.17
146.06
145.49
143.36
144.35
143.09
127.55
127.49
127.62
136.40
142.52
140.87
124.08
113.48
132.01
144.29
144.10
145.01
146.11
145.61
145.88
145.78
146.01
145.26
146.15
144.13
144.31
146.05
146.67
145.30
146.09
146.31
145.76
145.57
145.97
145.72
146.37
145.49
145.28
146.91
146.61
145.85
146.25
146.15
146.13
146.77
146.59
145.30
146.11
146.22
146.74
145.65
146.05
146.55
143.82
145.81
146.09
145.61
145.77
145.26
146.45
146.33
145.30
145.61
146.10
144.66
109.78
145.52
144.51
143.25
145.70
145.38
146.35
145.80
146.17
145.39
146.65
146.33
145.41
146.15
145.45
145.72
145.45
146.83
145.65
145.74
144.83
146.09
145.88
146.41
145.97
145.53
145.22
146.02
146.06
146.43
145.74
145.70
145.41
146.03
146.50
146.23
145.53
146.45
145.81
146.25
145.44
145.85
145.90
146.53
146.21
146.05
145.65
146.22
145.70
145.15
146.45
146.15
145.34
142.48
109.23
130.85
128.13
128.62
142.24
145.57
142.86
128.50
129.24
128.44
145.57
146.01
145.97
145.78
145.00
146.65
143.08
146.49
144.40
146.26
145.66
145.81
145.55
146.18
145.51
144.22
145.40
146.51
145.66
145.36
145.39
146.13
145.51
145.89
145.06
145.63
145.63
144.71
143.73
145.95
145.59
145.95
145.10
145.72
145.49
145.92
145.72
145.51
145.93
145.69
146.19
145.57
143.13
109.52
146.51
143.03
146.02
145.11
145.09
145.92
145.10
146.42
144.83
145.65
145.80
146.13
146.38
145.57
145.57
145.34
145.28
146.19
145.64
146.06
146.73
145.88
145.84
146.19
145.53
145.99
145.74
146.43
146.15
145.53
145.57
145.53
144.63
143.09
130.67
129.27
128.37
142.82
145.18
142.97
128.52
128.97
131.01
144.20
145.97
145.69
145.49
146.13
144.97
145.55
145.61
143.15
111.76
146.53
146.19
145.69
145.85
145.53
145.41
145.93
146.49
146.31
145.00
146.37
146.13
146.54
146.62
145.72
145.65
145.89
146.31
145.56
145.64
146.62
146.05
146.65
145.68
145.85
145.77
145.20
146.17
145.44
144.51
145.99
146.51
145.35
145.77
145.85
144.75
146.14
146.05
146.10
146.01
145.57
146.15
144.97
145.88
146.45
145.11
145.38
146.05
145.45
145.13
145.28
146.41
144.48
122.68
145.44
144.55
145.45
145.94
145.81
146.66
145.68
146.38
146.29
145.78
146.29
145.49
146.11
145.88
146.33
145.32
145.45
145.85
146.05
145.45
145.45
145.41
145.84
145.77
146.33
145.06
146.25
146.41
145.49
145.56
145.30
146.07
146.55
146.13
146.34
145.72
145.64
145.85
146.23
146.27
145.60
146.07
145.97
146.25
142.52
145.24
139.16
128.38
128.99
137.67
145.30
143.48
98.44
128.96
130.02
145.18
145.76
145.26
145.98
146.69
145.03
145.72
144.54
145.72
145.97
146.13
143.41
145.77
146.01
145.93
145.34
145.73
145.60
146.14
146.17
145.81
146.05
145.24
145.34
141.21
145.24
145.59
144.75
146.66
145.41
146.01
145.24
146.61
145.85
146.03
146.13
146.25
145.92
146.45
144.80
145.35
145.40
145.82
145.00
146.38
146.11
146.13
145.69
145.64
145.41
108.72
146.03
145.86
145.78
145.85
146.42
145.74
145.31
146.73
145.65
145.73
145.85
146.25
147.41
146.85
146.59
145.92
145.53
145.90
146.30
145.73
145.69
146.11
145.84
143.96
145.49
146.10
146.74
145.53
145.73
145.18
145.89
146.05
145.81
145.05
146.17
145.95
145.84
146.05
146.13
146.14
145.69
145.66
146.18
145.98
145.76
145.86
146.94
145.34
145.94
145.49
146.25
145.26
145.93
109.42
145.70
142.29
146.53
132.43
129.71
127.59
142.78
145.52
143.28
129.09
129.56
130.01
144.58
145.61
145.28
145.30
145.73
145.88
146.25
145.98
144.79
146.13
145.53
146.42
144.71
145.49
145.26
146.11
145.18
145.31
146.25
145.13
146.46
144.66
146.33
145.97
145.73
145.45
145.70
145.57
145.56
145.82
144.94
145.18
145.10
145.61
145.32
145.68
145.10
145.38
146.17
143.82
107.98
145.89
146.43
145.32
145.85
145.85
146.30
145.85
144.98
145.64
145.39
146.09
145.93
144.28
145.82
145.92
145.80
146.01
146.09
145.89
145.81
145.95
146.22
145.77
146.25
146.09
144.94
146.21
146.05
145.93
145.81
146.18
146.23
145.76
146.26
145.97
145.72
145.90
144.90
143.06
131.52
129.61
128.04
143.54
144.41
143.66
125.87
129.11
128.52
145.61
145.44
146.01
145.97
107.81
146.06
145.97
146.17
145.73
147.17
146.22
146.11
145.28
146.33
145.61
144.67
143.89
145.66
146.46
145.48
145.53
146.42
144.59
146.29
145.55
146.51
146.31
146.51
145.85
146.01
145.34
146.69
145.41
145.93
145.45
145.26
144.07
146.13
145.44
145.92
145.49
145.64
145.34
145.34
145.56
145.65
145.45
146.30
145.13
146.49
145.36
146.26
145.27
146.37
145.45
142.42
145.89
145.57
109.26
145.49
146.01
145.02
146.37
145.66
146.19
146.57
145.90
145.69
146.22
146.03
146.07
145.53
146.47
145.98
146.25
145.85
146.05
145.30
145.93
145.77
146.63
145.93
146.13
145.40
146.02
145.53
146.49
146.37
145.92
145.68
146.62
145.81
145.78
145.34
145.84
145.11
145.81
145.49
145.85
145.81
146.29
145.74
145.93
145.68
145.92
146.13
144.27
145.95
134.90
128.17
127.65
136.33
122.17
143.48
132.74
129.27
127.98
145.30
145.72
145.85
145.30
146.81
146.37
146.05
144.93
146.53
143.33
146.41
145.94
145.61
145.66
146.41
145.32
145.77
146.25
146.27
145.85
145.30
145.93
146.03
146.01
144.59
145.55
146.75
145.24
146.14
145.53
146.61
146.21
146.53
145.73
146.51
145.26
147.05
146.01
146.25
145.93
144.06
145.36
146.10
145.49
146.01
146.23
146.35
145.81
108.80
146.18
145.34
145.82
145.81
146.51
145.93
146.09
145.77
145.86
145.84
145.65
145.26
146.09
145.63
145.92
146.25
146.25
145.80
144.98
145.11
146.65
146.09
146.53
145.52
145.95
144.67
146.17
146.09
146.91
144.48
140.95
128.62
128.84
127.79
143.36
145.00
144.01
128.72
129.71
131.76
146.01
145.77
146.22
145.82
146.17
145.74
145.82
146.27
146.07
145.39
146.65
144.94
107.86
145.41
133.64
141.17
145.59
145.56
144.67
146.11
146.13
146.25
146.29
145.20
146.57
145.72
145.74
146.65
145.30
146.19
145.78
145.86
145.81
146.02
145.85
146.22
145.84
146.25
143.40
144.77
145.10
145.88
145.34
146.11
144.64
146.85
144.89
146.55
145.30
146.49
146.02
146.53
145.13
146.09
146.34
146.45
146.07
146.14
143.93
146.73
145.74
146.33
145.38
146.30
145.38
143.51
110.07
145.65
145.90
145.69
145.98
145.89
146.27
146.53
145.88
144.75
146.02
145.73
146.09
144.42
145.22
146.06
145.65
145.38
145.61
146.54
145.47
145.23
145.74
145.74
144.80
146.46
146.38
146.37
146.02
146.25
145.53
146.59
146.49
146.69
146.14
145.95
145.97
146.17
146.19
145.69
146.15
145.52
145.57
143.43
142.56
145.45
129.86
129.55
127.74
142.90
145.76
143.27
127.19
98.51
134.97
144.61
146.39
145.73
146.38
145.81
146.33
145.53
145.76
145.45
145.65
145.64
146.89
145.72
145.72
146.69
144.93
145.64
146.49
146.70
146.02
145.73
146.53
145.56
146.46
143.18
145.90
146.47
146.58
145.53
146.66
146.09
146.31
145.97
145.92
145.34
145.64
146.53
145.77
146.79
145.85
142.78
145.56
145.18
145.77
146.17
146.10
146.17
145.34
146.14
145.51
145.90
143.70
144.17
145.69
146.05
145.73
145.45
146.17
146.15
146.47
146.34
146.51
145.51
146.21
146.05
64
