### 第 1 轮
mul_s128 344.3 313.0 3.07 2.85 354.4
mul_s181 3820.0 3441.9 4.96 4.92 3251.9
mul_s256 3606.3 2996.2 5.56 5.49 3061.7
add2_s128 523.6 506.0 2.92 2.98 540.9
add2_s181 5233.1 4372.5 5.15 5.14 3495.4
add2_s256 2146.5 2126.8 2.29 2.29 2257.2
self_s128 1097.8 483.8 2.88 3.00 1257.0
self_s181 955.6 928.7 2.01 2.01 978.7
self_s256 4762.3 2787.5 5.29 5.25 3372.0
mulab_s128 531.5 496.5 2.84 3.01 539.8
mulab_s181 5006.5 2701.4 5.43 5.45 3204.0
mulab_s256 4476.9 2132.8 4.24 4.24 3705.1
two_s128 689.1 657.4 2.90 3.00 703.7
two_s181 5008.5 4736.1 5.68 5.66 3883.6
two_s256 2914.1 2895.3 2.39 2.40 3345.4
add3_s128 3821.5 2462.7 4.91 4.88 2888.0
add3_s181 6978.2 6188.9 5.92 5.93 4302.3
add3_s256 3705.5 3563.9 4.01 4.01 3449.3
add4_s128 4545.9 3245.0 5.05 5.04 3184.8
add4_s181 6362.5 4994.4 5.74 5.74 4289.5
add4_s256 4756.2 4383.8 4.01 4.01 3846.7
### 第 2 轮
mul_s128 355.3 331.2 3.01 2.83 371.4
mul_s181 840.6 826.6 2.01 2.01 864.5
mul_s256 4759.2 3557.5 5.12 5.08 3369.0
add2_s128 775.3 550.0 2.23 2.26 871.1
add2_s181 4511.2 4022.0 5.51 5.51 3378.1
add2_s256 2143.0 2126.6 2.26 2.26 2247.1
self_s128 396.3 375.0 3.06 3.25 409.8
self_s181 952.4 921.6 2.01 2.01 973.2
self_s256 4542.8 3728.0 5.20 5.14 3539.3
mulab_s128 541.3 504.9 2.97 3.00 553.1
mulab_s181 4027.4 3354.2 5.87 5.86 3239.8
mulab_s256 4025.5 2148.1 4.24 4.25 3697.3
two_s128 695.1 654.2 2.98 3.01 704.0
two_s181 4306.3 3813.4 5.99 5.99 3799.8
two_s256 2935.7 2903.5 3.24 3.23 3910.7
add3_s128 2973.0 2493.8 5.03 5.01 2676.3
add3_s181 6564.6 6134.9 5.96 5.97 4174.2
add3_s256 3820.5 3544.0 4.17 4.15 3581.9
add4_s128 4557.9 3508.9 5.05 5.04 3216.8
add4_s181 6461.8 5025.9 5.70 5.70 4062.8
add4_s256 4730.8 4388.0 4.00 4.00 3846.4
