                模型    输出 RMS     最大误差/RMS   误差 RMS/RMS
     c1x1_ch50_L16    0.5035       0.0815       0.0083
     c1x1_fp16_L16    0.7052       0.0689       0.0091
      c1x1_lin_L16    1.0147       0.0650       0.0134
     c1x1_nm24_L16    0.7183       0.0381       0.0058
     c1x1_nm34_L16    0.7187       0.0272       0.0041
      c1x1_s50_L16    0.7203       0.0556       0.0072
      c1x1_s75_L16    0.7179       0.0381       0.0060
      c1x1_s90_L16    0.6947       0.0253       0.0030
     c3x3_ch50_L16    0.5266       0.2225       0.0208
     c3x3_fp16_L16    0.7474       0.1803       0.0244
      c3x3_lin_L16    1.0156       0.2500       0.0391
     c3x3_nm24_L16    0.7491       0.1617       0.0199
     c3x3_nm34_L16    0.7460       0.1073       0.0153
      c3x3_s50_L16    0.7288       0.1554       0.0181
      c3x3_s75_L16    0.7389       0.1269       0.0165
      c3x3_s90_L16    0.7395       0.0766       0.0096
      c3x3_z00_L16    0.7727       0.2515       0.0391
      c3x3_z50_L16    0.5311       0.2795       0.0295
      c3x3_z75_L16    0.3885       0.2740       0.0224
      c3x3_z90_L16    0.2372       0.3170       0.0160
      c3x3_zch_L16    0.5530       0.2499       0.0281
    m2048_fp16_L16    0.7016       0.1155       0.0190
    m2048_nm24_L16    0.6975       0.0854       0.0132
    m2048_nm34_L16    0.6906       0.0594       0.0102
     m2048_s50_L16    0.6823       0.1013       0.0132
   m2048_s50p4_L16    0.6599       0.0059       0.0009
     m2048_s75_L16    0.6796       0.0690       0.0100
     m2048_s90_L16    0.6732       0.0392       0.0064
