模型                              # 类   Cin Cout     H×W    核 OCG NumWU   像素/WU  mac/WU post/WU     NE单缓冲     NE双缓冲      PE     L2周期   MAC/NE/周期     估计ms
k1_ci16_co256_f16               0 卷     0  256   32×32  1×1  16     4   256.0     129     404       920       516       0     1024         0.0   0.0033
k1_ci16_co256_q8                0 他     0    0   32×32    -   1   256     4.0       0       0         0         0     256      256         0.0   0.0001
k1_ci16_co256_q8                1 卷     0  256   32×32  1×1   1     2   512.0     129     404       662       404       0      512         0.0   0.0003
k1_ci16_co256_q8                2 卷    32   32   32×32  1×1   2    16    64.0       0     368       368       368       0     1024         0.0   0.0031
k1_ci64_co256_f16               0 卷    64  256   32×32  1×1  16     4   256.0     513     404      2456      2052       0     1024       511.0   0.0039
k1_ci64_co256_q8                0 他    64   64   32×32    -   1  1024     1.0       0       0         0         0    1024     1024         0.0   0.0006
k1_ci64_co256_q8                1 卷    64  256   32×32  1×1   1     2   512.0     513     404      1430      1026       0      512      1022.0   0.0010
k1_ci64_co256_q8                2 卷    32   32   32×32  1×1   2    16    64.0       0     368       368       368       0     1024         0.0   0.0031
k1_ci256_co256_f16              0 卷   256  256   32×32  1×1  16     8   128.0    2049     808     17200     16392       0     4096       255.9   0.0116
k1_ci256_co256_q8               0 他   256  256   32×32    -   1  4096     0.2       0       0         0         0    4096     4096         0.0   0.0023
k1_ci256_co256_q8               1 卷   256  256   32×32  1×1   1     2   512.0    2049     404      4502      4098       0     2048      1023.5   0.0039
k1_ci256_co256_q8               2 卷    32   32   32×32  1×1   2    16    64.0       0     368       368       368       0     1024         0.0   0.0031
k1_ci512_co512_f16              0 卷   512  512   32×32  1×1  16     8   128.0    8193    1616     67160     65544       0    16384       256.0   0.0261
k1_ci512_co512_q8               0 他   512  512   32×32    -   1  8192     0.1       0       0         0         0    8192     8192         0.0   0.0045
k1_ci512_co512_q8               1 卷   512  512   32×32  1×1   1     2   512.0    8193     808     17194     16386       0     8192      1023.9   0.0111
k1_ci512_co512_q8               2 卷    32   32  32×512  1×1   2    32   512.0       0     736       736       736       0     2048         0.0   0.0063
k1x3_ci16_co256_f16             0 卷     0  256   32×32  1×3   1     4   256.0     385     448      1988      1540       0     1024         0.0   0.0034
k1x3_ci16_co256_q8              0 他     0    0   32×32    -   1   256     4.0       0       0         0         0     256      256         0.0   0.0001
k1x3_ci16_co256_q8              1 卷     0  256   32×32  1×3   4     2   512.0     385     448      1218       770       0      512         0.0   0.0004
k1x3_ci16_co256_q8              2 卷    32   32   32×32  1×3   2    16    64.0       0     368       368       368       0     1024         0.0   0.0031
k1x3_ci64_co256_f16             0 卷    64  256   32×32  1×3   1     4   256.0    1537     448      6596      6148       0     2048       511.7   0.0043
k1x3_ci64_co256_q8              0 他    64   64   32×32    -   1  1024     1.0       0       0         0         0    1024     1024         0.0   0.0006
k1x3_ci64_co256_q8              1 卷    64  256   32×32  1×3   4     2   512.0    1537     448      3522      3074       0     2048      1023.3   0.0018
k1x3_ci64_co256_q8              2 卷    32   32   32×32  1×3   2    16    64.0       0     368       368       368       0     1024         0.0   0.0031
k1x3_ci256_co256_f16            0 卷   256  256   32×32  1×3   1     8   128.0    6145     896     50056     49160       0    16384       256.0   0.0196
k1x3_ci256_co256_q8             0 他   256  256   32×32    -   1  4096     0.2       0       0         0         0    4096     4096         0.0   0.0023
k1x3_ci256_co256_q8             1 卷   256  256   32×32  1×3   4     2   512.0    6145     448     12738     12290       0     8192      1023.8   0.0072
k1x3_ci256_co256_q8             2 卷    32   32   32×32  1×3   2    16    64.0       0     368       368       368       0     1024         0.0   0.0031
k1x3_ci512_co512_f16            0 卷   512  256   32×32  1×3   1     8   128.0   12289     896     99208     98312       0    32768       256.0   0.0392
k1x3_ci512_co512_f16            1 卷   512  256   32×32  1×3   1     8   128.0   12289     896     99208     98312       0    32768       256.0   0.0392
k1x3_ci512_co512_q8             0 他   512  512   32×32    -   1  8192     0.1       0       0         0         0    8192     8192         0.0   0.0045
k1x3_ci512_co512_q8             1 卷   512  512   32×32  1×3   4     2   512.0   24577     896     50050     49154       0    32768      1024.0   0.0241
k1x3_ci512_co512_q8             2 卷    32   32  32×512  1×3   2    32   512.0       0     736       736       736       0     2048         0.0   0.0063
k3x1_ci16_co256_f16             0 卷     0  256   32×32  3×1  16     4   256.0     385     404      1944      1540       0     1024         0.0   0.0034
k3x1_ci16_co256_q8              0 他     0    0   32×32    -   1   320     3.2       0       0         0         0     320      320         0.0   0.0002
k3x1_ci16_co256_q8              1 卷     0  256   32×32  3×1   1     2   512.0     385     404      1174       770       0      512         0.0   0.0005
k3x1_ci16_co256_q8              2 卷    32   32   32×32  3×1   2    16    64.0       0     368       368       368       0     1024         0.0   0.0031
k3x1_ci64_co256_f16             0 卷    64  256   32×32  3×1  16     4   256.0    1537     404      6552      6148       0     1024       511.7   0.0043
k3x1_ci64_co256_q8              0 他    64   64   32×32    -   1  1280     0.8       0       0         0         0    1280     1280         0.0   0.0007
k3x1_ci64_co256_q8              1 卷    64  256   32×32  3×1   1     2   512.0    1537     404      3478      3074       0      768      1023.3   0.0019
k3x1_ci64_co256_q8              2 卷    32   32   32×32  3×1   2    16    64.0       0     368       368       368       0     1024         0.0   0.0031
k3x1_ci256_co256_f16            0 卷   256  256   32×32  3×1  16     8   128.0    6145     808     49968     49160       0     6144       256.0   0.0196
k3x1_ci256_co256_q8             0 他   256  256   32×32    -   1  5120     0.2       0       0         0         0    5120     5120         0.0   0.0028
k3x1_ci256_co256_q8             1 卷   256  256   32×32  3×1   1     2   512.0    6145     404     12694     12290       0     3072      1023.8   0.0077
k3x1_ci256_co256_q8             2 卷    32   32   32×32  3×1   2    16    64.0       0     368       368       368       0     1024         0.0   0.0031
k3x1_ci512_co512_f16            0 卷   512  256   32×32  3×1  16     8   128.0   12289     808     99120     98312       0    12288       256.0   0.0392
k3x1_ci512_co512_f16            1 卷   512  256   32×32  3×1  16     8   128.0   12289     808     99120     98312       0    12288       256.0   0.0392
k3x1_ci512_co512_q8             0 他   512  512   32×32    -   1 10240     0.1       0       0         0         0   10240    10240         0.0   0.0057
k3x1_ci512_co512_q8             1 卷   512  512   32×32  3×1   1     2   512.0   24577     808     49962     49154       0    12288      1024.0   0.0253
k3x1_ci512_co512_q8             2 卷    32   32  32×512  3×1   2    32   512.0       0     736       736       736       0     2048         0.0   0.0063
k2_ci16_co256_f16               0 卷     0  256   32×32  2×2  16     4   256.0     513     404      2456      2052       0     1024         0.0   0.0035
k2_ci16_co256_q8                0 他     0    0   32×32    -   1   320     3.2       0       0         0         0     320      320         0.0   0.0002
k2_ci16_co256_q8                1 卷     0  256   32×32  2×2   1     2   512.0     513     404      1430      1026       0      512         0.0   0.0006
k2_ci16_co256_q8                2 卷    32   32   32×32  2×2   2    16    64.0       0     368       368       368       0     1024         0.0   0.0031
k2_ci64_co256_f16               0 卷    64  256   32×32  2×2  16     4   256.0    2049     404      8600      8196       0     1024       511.8   0.0045
k2_ci64_co256_q8                0 他    64   64   32×32    -   1  1280     0.8       0       0         0         0    1280     1280         0.0   0.0007
k2_ci64_co256_q8                1 卷    64  256   32×32  2×2   1     2   512.0    2049     404      4502      4098       0     1280      1023.5   0.0023
k2_ci64_co256_q8                2 卷    32   32   32×32  2×2   2    16    64.0       0     368       368       368       0     1024         0.0   0.0031
k2_ci256_co256_f16              0 卷   256  256   32×32  2×2  16     8   128.0    8193     808     66352     65544       0     8192       256.0   0.0261
k2_ci256_co256_q8               0 他   256  256   32×32    -   1  5120     0.2       0       0         0         0    5120     5120         0.0   0.0028
k2_ci256_co256_q8               1 卷   256  256   32×32  2×2   1     2   512.0    8193     404     16790     16386       0     5120      1023.9   0.0094
k2_ci256_co256_q8               2 卷    32   32   32×32  2×2   2    16    64.0       0     368       368       368       0     1024         0.0   0.0031
k2_ci512_co512_f16              0 卷   512  256   32×32  2×2  16     8   128.0   16385     808    131888    131080       0    16384       256.0   0.0523
k2_ci512_co512_f16              1 卷   512  256   32×32  2×2  16     8   128.0   16385     808    131888    131080       0    16384       256.0   0.0523
k2_ci512_co512_q8               0 他   512  512   32×32    -   1 10240     0.1       0       0         0         0   10240    10240         0.0   0.0057
k2_ci512_co512_q8               1 卷   512  384   32×32  2×2   1     2   512.0    8193     202     16588     16386       0     5120      3071.6   0.0122
k2_ci512_co512_q8               2 卷   512  128   32×32  2×2   1     2   512.0   24577     606     49760     49154       0    12288       341.3   0.0196
k2_ci512_co512_q8               3 卷    32   32  32×512  2×2   2    32   512.0       0     736       736       736       0     2048         0.0   0.0063
k3_ci16_co256_f16               0 卷     0  256   32×32  3×3   1     4   256.0    1153     448      5060      4612       0     1024         0.0   0.0037
k3_ci16_co256_q8                0 他     0    0   32×32    -   1   320     3.2       0       0         0         0     320      320         0.0   0.0002
k3_ci16_co256_q8                1 卷     0  256   32×32  3×3   4     2   512.0    1153     448      2754      2306       0      640         0.0   0.0011
k3_ci16_co256_q8                2 卷    32   32   32×32  3×3   2    16    64.0       0     368       368       368       0     1024         0.0   0.0031
k3_ci64_co256_f16               0 卷    64  256   32×32  3×3   1     4   256.0    4609     448     18884     18436       0     3072       511.9   0.0074
k3_ci64_co256_q8                0 他    64   64   32×32    -   1  1280     0.8       0       0         0         0    1280     1280         0.0   0.0007
k3_ci64_co256_q8                1 卷    64  256   32×32  3×3   4     2   512.0    4609     448      9666      9218       0     2560      1023.8   0.0044
k3_ci64_co256_q8                2 卷    32   32   32×32  3×3   2    16    64.0       0     368       368       368       0     1024         0.0   0.0031
k3_ci256_co256_f16              0 卷   256   32   32×32  3×3   2     8   128.0    2305     184     18624     18440       0    12288       255.9   0.0074
k3_ci256_co256_f16              1 卷   256  224   32×32  3×3   2     8   128.0   16129     808    129840    129032       0    24576       256.0   0.0514
k3_ci256_co256_q8               0 他   256  256   32×32    -   1  5120     0.2       0       0         0         0    5120     5120         0.0   0.0028
k3_ci256_co256_q8               1 卷   256  256   32×32  3×3   4     2   512.0   18433     448     37314     36866       0    10240      1023.9   0.0175
k3_ci256_co256_q8               2 卷    32   32   32×32  3×3   2    16    64.0       0     368       368       368       0     1024         0.0   0.0031
k3_ci512_co512_f16              0 卷   512   32   32×32  3×3   2     8   128.0    4609     184     37056     36872       0    24576       255.9   0.0147
k3_ci512_co512_f16              1 卷   512   96   32×32  3×3   2     8   128.0   13825     360    110960    110600       0    24576       256.0   0.0441
k3_ci512_co512_f16              2 卷   512   96   32×32  3×3   2     8   128.0   13825     360    110960    110600       0    24576       256.0   0.0441
k3_ci512_co512_f16              3 卷   512   96   32×32  3×3   2     8   128.0   13825     360    110960    110600       0    24576       256.0   0.0441
k3_ci512_co512_f16              4 卷   512   96   32×32  3×3   2     8   128.0   13825     360    110960    110600       0    24576       256.0   0.0441
k3_ci512_co512_f16              5 卷   512   96   32×32  3×3   2     8   128.0   13825     360    110960    110600       0    24576       256.0   0.0441
k3_ci512_co512_q8               0 他   512  512   32×32    -   1 16384     0.1       0       0         0         0   16384    16384         0.0   0.0090
k3_ci512_co512_q8               1 卷   512  128   32×32  3×3   4     4   256.0   18433     448     74180     73732       0    20480       512.0   0.0384
k3_ci512_co512_q8               2 卷   512  128   32×32  3×3   4     4   256.0   18433     448     74180     73732       0    24576       512.0   0.0294
k3_ci512_co512_q8               3 卷   512  128   32×32  3×3   4     4   256.0   18433     448     74180     73732       0    24576       512.0   0.0294
k3_ci512_co512_q8               4 卷   512  128   32×32  3×3   4     4   256.0   18433     448     74180     73732       0    24576       512.0   0.0294
k3_ci512_co512_q8               5 卷    32   32  32×512  3×3   2    64   256.0       0    1472      1472      1472       0     4096         0.0   0.0125
k5_ci16_co256_f16               0 卷     0  256   32×32  5×5  16     4   256.0    3201     404     13208     12804       0     1024         0.0   0.0051
k5_ci16_co256_q8                0 他     0    0   32×32    -   1   320     3.2       0       0         0         0     320      320         0.0   0.0002
k5_ci16_co256_q8                1 卷     0  256   32×32  5×5   1     2   512.0    3201     404      6806      6402       0      512         0.0   0.0027
k5_ci16_co256_q8                2 卷    32   32   32×32  5×5   2    16    64.0       0     368       368       368       0     1024         0.0   0.0031
k5_ci64_co256_f16               0 卷    64  256   32×32  5×5  16     8   128.0   12801     808    103216    102408       0     3584       256.0   0.0401
k5_ci64_co256_q8                0 他    64   64   32×32    -   1  1280     0.8       0       0         0         0    1280     1280         0.0   0.0007
k5_ci64_co256_q8                1 卷    64  256   32×32  5×5   1     2   512.0   12801     404     26006     25602       0     1280      1023.9   0.0109
k5_ci64_co256_q8                2 卷    32   32   32×32  5×5   2    16    64.0       0     368       368       368       0     1024         0.0   0.0031
k5_ci256_co256_f16              0 卷   256   64   32×32  5×5   4     8   128.0   12801     272    102680    102408       0    14336       256.0   0.0408
k5_ci256_co256_f16              1 卷   256   64   32×32  5×5   4     8   128.0   12801     272    102680    102408       0    14336       256.0   0.0408
k5_ci256_co256_f16              2 卷   256   64   32×32  5×5   4     8   128.0   12801     272    102680    102408       0    14336       256.0   0.0408
k5_ci256_co256_f16              3 卷   256   64   32×32  5×5   4     8   128.0   12801     272    102680    102408       0    14336       256.0   0.0408
k5_ci256_co256_q8               0 他   256  256   32×32    -   1  8192     0.1       0       0         0         0    8192     8192         0.0   0.0045
k5_ci256_co256_q8               1 卷   256  128   32×32  5×5   1     4   256.0   25601     404    102808    102404       0     5120       512.0   0.0454
k5_ci256_co256_q8               2 卷   256  128   32×32  5×5   1     4   256.0   25601     404    102808    102404       0     5120       512.0   0.0408
k5_ci256_co256_q8               3 卷    32   32   32×32  5×5   2    32    32.0       0     736       736       736       0     2048         0.0   0.0063
k5_ci512_co512_f16              0 卷   512   32   32×32  5×5   2     8   128.0   12801     184    102592    102408       0    28672       256.0   0.0408
k5_ci512_co512_f16              1 卷   512   32   32×32  5×5   2     8   128.0   12801     184    102592    102408       0    28672       256.0   0.0408
k5_ci512_co512_f16              2 卷   512   32   32×32  5×5   2     8   128.0   12801     184    102592    102408       0    28672       256.0   0.0408
k5_ci512_co512_f16              3 卷   512   32   32×32  5×5   2     8   128.0   12801     184    102592    102408       0    28672       256.0   0.0408
k5_ci512_co512_f16              4 卷   512   32   32×32  5×5   2     8   128.0   12801     184    102592    102408       0    28672       256.0   0.0408
k5_ci512_co512_f16              5 卷   512   32   32×32  5×5   2     8   128.0   12801     184    102592    102408       0    28672       256.0   0.0408
k5_ci512_co512_f16              6 卷   512   32   32×32  5×5   2     8   128.0   12801     184    102592    102408       0    28672       256.0   0.0408
k5_ci512_co512_f16              7 卷   512   32   32×32  5×5   2     8   128.0   12801     184    102592    102408       0    28672       256.0   0.0408
k5_ci512_co512_f16              8 卷   512   32   32×32  5×5   2     8   128.0   12801     184    102592    102408       0    28672       256.0   0.0408
k5_ci512_co512_f16              9 卷   512   32   32×32  5×5   2     8   128.0   12801     184    102592    102408       0    28672       256.0   0.0408
k5_ci512_co512_f16             10 卷   512   32   32×32  5×5   2     8   128.0   12801     184    102592    102408       0    28672       256.0   0.0408
k5_ci512_co512_f16             11 卷   512   32   32×32  5×5   2     8   128.0   12801     184    102592    102408       0    28672       256.0   0.0408
k5_ci512_co512_f16             12 卷   512   32   32×32  5×5   2     8   128.0   12801     184    102592    102408       0    28672       256.0   0.0408
k5_ci512_co512_f16             13 卷   512   32   32×32  5×5   2     8   128.0   12801     184    102592    102408       0    28672       256.0   0.0408
k5_ci512_co512_f16             14 卷   512   32   32×32  5×5   2     8   128.0   12801     184    102592    102408       0    28672       256.0   0.0408
k5_ci512_co512_f16             15 卷   512   32   32×32  5×5   2     8   128.0   12801     184    102592    102408       0    28672       256.0   0.0408
k5_ci512_co512_q8               0 他   512  512   32×32    -   1 16384     0.1       0       0         0         0   16384    16384         0.0   0.0090
k5_ci512_co512_q8               1 卷   512   80   32×32  5×5   1     4   256.0   38401     268    153872    153604       0    10240       426.7   0.0703
k5_ci512_co512_q8               2 卷   512   64   32×32  5×5   4     4   256.0   25601     224    102628    102404       0    10240       512.0   0.0408
k5_ci512_co512_q8               3 卷   512   64   32×32  5×5   4     4   256.0   25601     224    102628    102404       0    10240       512.0   0.0408
k5_ci512_co512_q8               4 卷   512   64   32×32  5×5   4     4   256.0   25601     224    102628    102404       0    10240       512.0   0.0408
k5_ci512_co512_q8               5 卷   512   80   32×32  5×5   4     4   256.0   38401     268    153872    153604       0    10240       426.7   0.0612
k5_ci512_co512_q8               6 卷   512   80   32×32  5×5   4     4   256.0   38401     268    153872    153604       0    10240       426.7   0.0612
k5_ci512_co512_q8               7 卷   512   80   32×32  5×5   4     4   256.0   38401     268    153872    153604       0    10240       426.7   0.0612
k5_ci512_co512_q8               8 卷   512  512   32×32  5×5   1     4   256.0       0      92        92        92       0     4096         0.0   0.0125
k7_ci16_co256_f16               0 卷     0  256   32×32  7×7  16     4   256.0    6273     404     25496     25092       0     1024         0.0   0.0100
k7_ci16_co256_q8                0 他     0    0   32×32    -   1   320     3.2       0       0         0         0     320      320         0.0   0.0002
k7_ci16_co256_q8                1 卷     0  256   32×32  7×7   1     2   512.0    6273     404     12950     12546       0      512         0.0   0.0052
k7_ci16_co256_q8                2 卷    32   32   32×32  7×7   2    16    64.0       0     368       368       368       0     1024         0.0   0.0031
k7_ci64_co256_f16               0 卷    64   96   32×32  7×7   1     8   128.0    9409     360     75632     75272       0     4608       256.0   0.0300
k7_ci64_co256_f16               1 卷    64  160   32×32  7×7  16     8   128.0   15681     536    125984    125448       0     4608       256.0   0.0500
k7_ci64_co256_q8                0 他    64   64   32×32    -   1  1280     0.8       0       0         0         0    1280     1280         0.0   0.0007
k7_ci64_co256_q8                1 卷    64  256   32×32  7×7   1     2   512.0   25089     404     50582     50178       0     1536      1024.0   0.0207
k7_ci64_co256_q8                2 卷    32   32   32×32  7×7   2    16    64.0       0     368       368       368       0     1024         0.0   0.0031
k7_ci256_co256_f16              0 卷   256   32   32×32  7×7   2     8   128.0   12545     184    100544    100360       0    18432       256.0   0.0400
k7_ci256_co256_f16              1 卷   256   32   32×32  7×7   2     8   128.0   12545     184    100544    100360       0    18432       256.0   0.0400
k7_ci256_co256_f16              2 卷   256   32   32×32  7×7   2     8   128.0   12545     184    100544    100360       0    18432       256.0   0.0400
k7_ci256_co256_f16              3 卷   256   32   32×32  7×7   2     8   128.0   12545     184    100544    100360       0    18432       256.0   0.0400
k7_ci256_co256_f16              4 卷   256   32   32×32  7×7   2     8   128.0   12545     184    100544    100360       0    18432       256.0   0.0400
k7_ci256_co256_f16              5 卷   256   32   32×32  7×7   2     8   128.0   12545     184    100544    100360       0    18432       256.0   0.0400
k7_ci256_co256_f16              6 卷   256   32   32×32  7×7   2     8   128.0   12545     184    100544    100360       0    18432       256.0   0.0400
k7_ci256_co256_f16              7 卷   256   32   32×32  7×7   2     8   128.0   12545     184    100544    100360       0    18432       256.0   0.0400
k7_ci256_co256_q8               0 他   256  256   32×32    -   1  8192     0.1       0       0         0         0    8192     8192         0.0   0.0045
k7_ci256_co256_q8               1 卷   256   64   32×32  7×7   4     4   256.0   25089     224    100580    100356       0     6144       512.0   0.0445
k7_ci256_co256_q8               2 卷   256   64   32×32  7×7   4     4   256.0   25089     224    100580    100356       0     6144       512.0   0.0400
k7_ci256_co256_q8               3 卷   256   64   32×32  7×7   4     4   256.0   25089     224    100580    100356       0     6144       512.0   0.0400
k7_ci256_co256_q8               4 卷   256   64   32×32  7×7   4     4   256.0   25089     224    100580    100356       0     6144       512.0   0.0400
k7_ci256_co256_q8               5 卷    32   32   32×32  7×7   2    32    32.0       0     736       736       736       0     2048         0.0   0.0063
k7_ci512_co512_f16              0 卷   512    0   32×32  7×7   1     8   128.0   25089     144    200856    200712       0    36864         0.0   0.0800
k7_ci512_co512_f16              1 卷   512    0   32×32  7×7   1     8   128.0   25089     144    200856    200712       0    36864         0.0   0.0800
k7_ci512_co512_f16              2 卷   512    0   32×32  7×7   1     8   128.0   25089     144    200856    200712       0    36864         0.0   0.0800
k7_ci512_co512_f16              3 卷   512    0   32×32  7×7   1     8   128.0   25089     144    200856    200712       0    36864         0.0   0.0800
k7_ci512_co512_f16              4 卷   512    0   32×32  7×7   1     8   128.0   25089     144    200856    200712       0    36864         0.0   0.0800
k7_ci512_co512_f16              5 卷   512    0   32×32  7×7   1     8   128.0   25089     144    200856    200712       0    36864         0.0   0.0800
k7_ci512_co512_f16              6 卷   512    0   32×32  7×7   1     8   128.0   25089     144    200856    200712       0    36864         0.0   0.0800
k7_ci512_co512_f16              7 卷   512    0   32×32  7×7   1     8   128.0   25089     144    200856    200712       0    36864         0.0   0.0800
k7_ci512_co512_f16              8 卷   512    0   32×32  7×7   1     8   128.0   25089     144    200856    200712       0    36864         0.0   0.0800
k7_ci512_co512_f16              9 卷   512    0   32×32  7×7   1     8   128.0   25089     144    200856    200712       0    36864         0.0   0.0800
k7_ci512_co512_f16             10 卷   512    0   32×32  7×7   1     8   128.0   25089     144    200856    200712       0    36864         0.0   0.0800
k7_ci512_co512_f16             11 卷   512    0   32×32  7×7   1     8   128.0   25089     144    200856    200712       0    36864         0.0   0.0800
k7_ci512_co512_f16             12 卷   512    0   32×32  7×7   1     8   128.0   25089     144    200856    200712       0    36864         0.0   0.0800
k7_ci512_co512_f16             13 卷   512    0   32×32  7×7   1     8   128.0   25089     144    200856    200712       0    36864         0.0   0.0800
k7_ci512_co512_f16             14 卷   512    0   32×32  7×7   1     8   128.0   25089     144    200856    200712       0    36864         0.0   0.0800
k7_ci512_co512_f16             15 卷   512    0   32×32  7×7   1     8   128.0   25089     144    200856    200712       0    36864         0.0   0.0800
k7_ci512_co512_f16             16 卷   512    0   32×32  7×7   1     8   128.0   25089     144    200856    200712       0    36864         0.0   0.0800
k7_ci512_co512_f16             17 卷   512    0   32×32  7×7   1     8   128.0   25089     144    200856    200712       0    36864         0.0   0.0800
k7_ci512_co512_f16             18 卷   512    0   32×32  7×7   1     8   128.0   25089     144    200856    200712       0    36864         0.0   0.0800
k7_ci512_co512_f16             19 卷   512    0   32×32  7×7   1     8   128.0   25089     144    200856    200712       0    36864         0.0   0.0800
k7_ci512_co512_f16             20 卷   512    0   32×32  7×7   1     8   128.0   25089     144    200856    200712       0    36864         0.0   0.0800
k7_ci512_co512_f16             21 卷   512    0   32×32  7×7   1     8   128.0   25089     144    200856    200712       0    36864         0.0   0.0800
k7_ci512_co512_f16             22 卷   512    0   32×32  7×7   1     8   128.0   25089     144    200856    200712       0    36864         0.0   0.0800
k7_ci512_co512_f16             23 卷   512    0   32×32  7×7   1     8   128.0   25089     144    200856    200712       0    36864         0.0   0.0800
k7_ci512_co512_f16             24 卷   512    0   32×32  7×7   1     8   128.0   25089     144    200856    200712       0    36864         0.0   0.0800
k7_ci512_co512_f16             25 卷   512    0   32×32  7×7   1     8   128.0   25089     144    200856    200712       0    36864         0.0   0.0800
k7_ci512_co512_f16             26 卷   512    0   32×32  7×7   1     8   128.0   25089     144    200856    200712       0    36864         0.0   0.0800
k7_ci512_co512_f16             27 卷   512    0   32×32  7×7   1     8   128.0   25089     144    200856    200712       0    36864         0.0   0.0800
k7_ci512_co512_f16             28 卷   512    0   32×32  7×7   1     8   128.0   25089     144    200856    200712       0    36864         0.0   0.0800
k7_ci512_co512_f16             29 卷   512    0   32×32  7×7   1     8   128.0   25089     144    200856    200712       0    36864         0.0   0.0800
k7_ci512_co512_f16             30 卷   512    0   32×32  7×7   1     8   128.0   25089     144    200856    200712       0    36864         0.0   0.0800
k7_ci512_co512_f16             31 卷   512    0   32×32  7×7   1     8   128.0   25089     144    200856    200712       0    36864         0.0   0.0800
k7_ci512_co512_q8               0 他   512  512   32×32    -   1 16384     0.1       0       0         0         0   16384    16384         0.0   0.0090
k7_ci512_co512_q8               1 卷   512   32   32×32  7×7   2     4   256.0   25089     136    100492    100356       0    12288       512.0   0.0491
k7_ci512_co512_q8               2 卷   512   32   32×32  7×7   2     4   256.0   25089     136    100492    100356       0    12288       512.0   0.0400
k7_ci512_co512_q8               3 卷   512   32   32×32  7×7   2     4   256.0   25089     136    100492    100356       0    12288       512.0   0.0400
k7_ci512_co512_q8               4 卷   512   32   32×32  7×7   2     4   256.0   25089     136    100492    100356       0    12288       512.0   0.0400
k7_ci512_co512_q8               5 卷   512   32   32×32  7×7   2     4   256.0   25089     136    100492    100356       0    12288       512.0   0.0400
k7_ci512_co512_q8               6 卷   512   32   32×32  7×7   2     4   256.0   25089     136    100492    100356       0    12288       512.0   0.0400
k7_ci512_co512_q8               7 卷   512   32   32×32  7×7   2     4   256.0   25089     136    100492    100356       0    12288       512.0   0.0400
k7_ci512_co512_q8               8 卷   512   32   32×32  7×7   2     4   256.0   25089     136    100492    100356       0    12288       512.0   0.0400
k7_ci512_co512_q8               9 卷   512   32   32×32  7×7   2     4   256.0   25089     136    100492    100356       0    12288       512.0   0.0400
k7_ci512_co512_q8              10 卷   512   32   32×32  7×7   2     4   256.0   25089     136    100492    100356       0    12288       512.0   0.0400
k7_ci512_co512_q8              11 卷   512   32   32×32  7×7   2     4   256.0   25089     136    100492    100356       0    12288       512.0   0.0400
k7_ci512_co512_q8              12 卷   512   32   32×32  7×7   2     4   256.0   25089     136    100492    100356       0    12288       512.0   0.0400
k7_ci512_co512_q8              13 卷   512   32   32×32  7×7   2     4   256.0   25089     136    100492    100356       0    12288       512.0   0.0400
k7_ci512_co512_q8              14 卷   512   32   32×32  7×7   2     4   256.0   25089     136    100492    100356       0    12288       512.0   0.0400
k7_ci512_co512_q8              15 卷   512   32   32×32  7×7   2     4   256.0   25089     136    100492    100356       0    12288       512.0   0.0400
k7_ci512_co512_q8              16 卷   512   32   32×32  7×7   2     4   256.0   25089     136    100492    100356       0    12288       512.0   0.0400
k7_ci512_co512_q8              17 卷   512  512   32×32  7×7   1     4   256.0       0      92        92        92       0     4096         0.0   0.0125
