负载                  耗时us   ANE稳态    ANE上电空闲   ANE断电 DRAM2b+4b   PZD1     整机    整机断电               速率      (ANE−上电空闲)/速率
b0_rand            659.8    5.08      -0.52   -1.11      0.15   0.31  16.07    6.00                                     P核簇  1.78 W，断电差值 -1.11
b0_zero            663.4    2.98       0.84   -1.95      0.05   0.12   9.49   14.18                                     P核簇  1.18 W，断电差值 -1.95
b0_negzero         634.7    2.02       0.03   -0.96      0.19   0.33  12.97    9.99                                     P核簇  1.55 W，断电差值 -0.96
b0_chconst         652.2    5.13      -0.00   -1.11      0.07   0.15  13.71    5.78                                     P核簇  1.20 W，断电差值 -1.11
z00                727.8    8.50       0.00   -1.11      0.93   0.79  21.00    6.05                                     P核簇  1.22 W，断电差值 -1.11
z50                719.2    6.07       0.00   -1.11      1.03   0.84  17.23    5.70                                     P核簇  1.22 W，断电差值 -1.11
z75                717.7    4.33       0.50   -1.13      0.94   0.85  14.84    5.71                                     P核簇  1.19 W，断电差值 -1.13
z90                717.9    3.04       0.02   -1.13      0.86   0.84  13.07    5.79                                     P核簇  1.18 W，断电差值 -1.13
zch                718.5    5.07       0.00   -1.11      0.87   0.86  16.75    5.67                                     P核簇  1.21 W，断电差值 -1.11
zch_r2             718.6    5.06       0.00   -1.11      0.90   0.87  16.72    5.82                                     P核簇  1.23 W，断电差值 -1.11
z90_r2             718.1    3.02       0.00   -1.11      0.80   0.85  12.92    5.49                                     P核簇  1.19 W，断电差值 -1.11
z75_r2             718.3    4.32       0.00   -1.11      0.88   0.84  14.39    5.25                                     P核簇  1.20 W，断电差值 -1.11
z50_r2             717.8    6.03      -0.02   -1.09      1.05   0.86  17.33    5.89                                     P核簇  1.32 W，断电差值 -1.09
z00_r2             737.7    7.57       0.00   -1.11      0.98   0.84  19.17    4.94                                     P核簇  1.20 W，断电差值 -1.11
b0_chconst_r2      650.8    5.14       0.42   -1.11      0.06   0.23  13.16    4.86                                     P核簇  1.24 W，断电差值 -1.11
b0_negzero_r2      649.7    2.18       0.00   -1.11      0.07   0.23   8.97    4.82                                     P核簇  1.19 W，断电差值 -1.11
b0_zero_r2         650.6    2.18      -0.00   -1.11      0.06   0.22   8.75    4.79                                     P核簇  1.19 W，断电差值 -1.11
b0_rand_r2         647.9    5.40       0.08   -1.19      0.06   0.24  13.70    7.75                                     P核簇  1.24 W，断电差值 -1.19

[exited with code 0]
