0 60232192 0
1 60232168 0
2 60232168 0
3 60232168 0
4 60232152 0
5 60232152 0
6 60232152 0
7 60232140 0
8 60232136 0
9 60232128 0
10 60232128 0
11 59690892 0
12 58983116 50.2
13 58983116 97.9
14 58956488 187.3
15 58925768 199.7
16 58895048 198.5
17 58864328 199.4
18 58843848 197.8
19 58844040 198.4
20 58844028 199.3
21 58844052 200
23 58844036 200
24 58844032 199
25 58833780 198.5
26 58823540 199.9
27 58823484 198.8
28 58823484 199.8
29 58823484 200
30 58823484 198.6
35 58823300 199.3
36 58823300 199.9
37 58823300 199.9
38 58826556 199.4
39 58826544 286.2
40 58826444 314.1
41 58826380 314.1
43 58825340 308.4
44 58825340 310
45 58825332 315.1
46 58825332 314.7
47 58825332 311
48 58825332 292.4
49 58825332 286.5
50 58825332 293.7
51 58825328 300.8
52 58825468 311.7
53 58825464 214.4
54 58825464 199.8
55 58825452 199
56 58825452 197.6
57 58825424 200
58 58825424 199.6
60 58825348 200
63 58825328 199.9
64 58825328 200
65 58825288 199.3
66 58825356 200
67 58825316 199.6
68 58825316 200
69 58825308 199.7
70 58825304 199.7
71 58825332 200
72 58825324 200
73 58825284 199.8
74 58825280 199.9
76 58825260 200
77 58825248 200
78 58825248 200
79 58825232 198.9
80 58825228 200
81 58825228 198.1
82 58825344 200
83 58794624 195.7
84 58671596 199.9
85 58538476 197.7
86 58395104 199.6
87 58272224 199.3
88 58139104 197.3
89 58016200 199.6
90 57893316 200
94 57483704 200
95 57330104 199.9
96 57207224 200
97 57074104 199.6
98 56930744 200
99 56828344 198.6
100 56674740 200
101 56582580 199.9
102 56478128 200
103 56396208 198.6
104 56283564 199.4
105 56193540 200
106 56091132 200
107 55988724 199.9
108 55886324 196.6
110 55794164 198.5
111 55691764 200
112 55640612 118.6
113 55517716 196.7
114 55394508 200
115 55261388 199.1
116 55128264 196.7
117 55005372 199
118 54882052 198.6
119 54748924 200
120 54610112 197.8
123 54232416 196.1
124 54078120 199
125 53974684 197.9
127 53841504 198.4
128 53708384 198.1
129 53585504 198.4
130 53462620 199
131 53360220 198.1
132 53268060 199.4
133 53165660 198.8
134 53063260 199.1
135 52960860 197.6
136 52858452 199
137 52766228 199.5
138 52653588 196.9
139 52551180 198.6
140 52448780 199
141 52378068 175.7
142 52275668 194.2
144 52152780 196.4
145 52029908 200
146 51896784 199.8
147 51777952 199.4
148 51654912 200
149 51532028 197.8
150 51388668 198.8
153 50989260 198.5
154 50866316 199.7
155 50743372 195.6
156 50640940 198.1
157 50518244 200
158 50394364 198.1
160 50250996 196.3
161 50158836 199.8
162 50056432 199
163 49954032 200
164 49851624 196.4
165 49749160 198.5
166 49661092 200
167 49558588 199.6
168 49456180 199.4
169 49353512 199
170 49261352 198.7
171 49179500 176
172 49097576 185.4
173 48964452 199.3
174 48841244 199.6
175 48718360 195.7
176 48595352 198.7
178 48472300 198.6
179 48318692 200
180 48216288 199
183 47806588 199.4
184 47683704 198.5
185 47550520 200
186 47427576 199
187 47304632 197.1
188 47181688 198.9
189 47058744 199.1
190 46956340 199.8
191 46853940 193.9
193 46750424 195.3
194 46637780 198.5
195 46545620 198.8
196 46443220 198.9
197 46340820 199.2
198 46238420 198.4
199 46146256 198.9
200 46043856 199.9
201 45941448 200
202 45890480 171.4
203 45736860 199.7
204 45644700 200
205 45491096 198.8
206 45378448 198.6
207 45255540 198.4
208 45132660 197.9
210 44999528 199.4
213 44579668 200
214 44477256 198.5
215 44354372 197.9
216 44211012 197.7
217 44088128 199.2
218 43965248 198.1
219 43842368 199.4
220 43739936 197.3
221 43637536 199.1
222 43535136 200
223 43442976 199.8
224 43340372 194
226 43237968 199.7
227 43135564 198.7
228 43043404 196.6
229 42930760 195.8
230 42828344 199.7
231 42725944 199.8
232 42674788 129.4
233 42551992 196.5
234 42429108 197.1
235 42306180 199.1
236 42173044 197.4
237 42051304 197.6
238 41928404 198.4
239 41795280 198.5
240 41662148 199.6
