k1_c512_h1w128_L16 220.2 209.0 3.00 0.00 233.3
k1_c512_h1w128_L32 268.2 258.9 3.13 0.00 279.5
k1_c512_h1w128_L64 392.5 376.5 3.08 0.00 401.9
k1_c512_h1w128_L96 501.0 490.4 3.01 0.00 517.1
k1_c512_h1w128_L128 732.9 723.2 2.01 0.00 749.7
k1_c512_h1w128_L192 883.5 805.5 2.58 0.01 912.0
k1_c512_h1w128_L256 1196.0 1183.9 2.02 0.00 1211.7
k1_c512_h1w128_L384 1614.4 1590.1 2.06 0.00 1621.9
k1_c1024_h1w128_L4 202.6 192.6 3.00 0.00 217.3
k1_c1024_h1w128_L8 257.4 253.9 3.65 0.00 269.5
k1_c1024_h1w128_L16 430.4 420.3 3.27 0.00 443.9
k1_c1024_h1w128_L24 548.8 532.6 2.29 0.00 566.8
k1_c1024_h1w128_L32 750.5 741.7 2.01 0.00 770.7
k1_c1024_h1w128_L48 1010.5 1001.4 2.01 0.00 1029.8
k1_c1024_h1w128_L64 1228.5 1219.3 2.01 0.00 1256.5
k1_c1024_h1w128_L96 1671.2 1662.2 2.04 0.00 1700.1
