== 第 1 轮
ovl_A64 388.2 375.8 3.07 0.00
ovl_B64 253.4 224.2 3.55 3.42
ovl_AB64_64 497.7 486.1 3.01 3.02
ovl_AtoB64_64 467.8 456.2 3.55 3.36
ovl_T64 316.7 307.1 3.14 0.00
ovl_AT64_64 595.0 583.0 2.04 0.00
ovl_D 1202.6 1170.7 2.01 0.00
ovl_DB64 1350.2 1341.4 2.00 0.00
ovl_DA64 1409.4 1391.2 2.00 0.00
mm_only 188.0 179.2 2.02 0.00
mm_relu 215.8 206.3 2.09 0.00
side16 221.1 211.6 3.01 0.00
add8_par 251.7 239.8 3.24 0.00
add8_ser 210.8 197.9 3.11 0.00
ovl_A128 670.5 590.8 2.28 0.00
ovl_B256 642.8 569.8 2.68 2.72
ovl_AB128_256 1095.0 1085.0 2.00 2.00
== 第 2 轮
ovl_A64 386.8 372.5 3.07 0.00
ovl_B64 255.0 224.2 3.58 3.46
ovl_AB64_64 501.8 489.5 3.00 3.00
ovl_AtoB64_64 467.8 455.1 3.53 3.38
ovl_T64 314.2 302.5 3.10 0.00
ovl_AT64_64 555.4 542.1 2.95 0.00
ovl_D 1197.8 1163.8 2.02 0.00
ovl_DB64 1330.0 1277.5 2.13 0.00
ovl_DA64 1394.9 1387.0 2.00 0.00
mm_only 187.2 177.6 2.01 0.00
mm_relu 216.0 206.1 2.15 0.00
side16 215.2 206.1 3.02 0.00
add8_par 253.4 239.3 3.15 0.00
add8_ser 210.5 198.1 3.15 0.00
ovl_A128 717.6 655.9 2.01 0.00
ovl_B256 646.6 573.4 2.56 2.64
ovl_AB128_256 1022.8 950.2 2.67 2.68
