k1_c64_h1w1024_L400 27482.8 27328.2 0.00 0.00
k1_c64_h1w1024_L448 30812.6 30672.0 0.00 0.00
k1_c64_h1w1024_L480 33201.7 33045.9 0.00 0.00
k1_c64_h1w1024_L511 35339.6 35185.9 0.00 0.00
k1_c32_h1w1024_L128 189.3 167.5 2.59 2.73
k1_c32_h1w1024_L384 221.0 195.5 3.49 3.28
k1_c48_h1w1024_L128 190.8 168.3 2.59 2.78
k1_c48_h1w1024_L384 293.4 259.4 3.48 3.18
k1_c96_h1w1024_L128 277.4 248.0 3.50 3.15
k1_c96_h1w1024_L384 416.7 382.5 3.44 3.38
k1_c128_h1w1024_L128 332.9 301.8 3.43 3.22
k1_c128_h1w1024_L384 657.7 647.9 2.01 2.01
k1_c64_h1w1024_L385 330.8 303.9 3.44 3.21
k1_c64_h1w1024_L386 328.1 298.6 3.44 3.27
k1_c64_h1w1024_L388 26859.7 26717.0 0.00 0.00
chains/k1_c64_h1w1024_L387.mlmodelc
