0 61820920 0
1 61820884 0
2 61821104 0
3 61820980 0
4 61820976 0
5 61820848 0
6 61820776 0
7 61820760 0
8 61820696 0
9 61820696 0
11 61820696 0
12 61279476 0
13 60571708 45.3
14 60571704 98.3
15 60545076 191.6
16 60513332 200.1
17 60482468 200
18 60451748 200
19 60431268 200
20 60431268 200
21 60431268 199.4
22 60431268 199.2
23 60431264 199.7
24 60431264 200
25 60421024 198.6
26 60410784 198.7
27 60410784 199.4
28 60410784 200
30 60410784 198.3
31 60410784 200
32 60410784 198.7
33 60410904 199.6
34 60410896 198.8
35 60410896 198.6
36 60410896 199.6
37 60410896 199.9
38 60410892 200
39 60410892 200
40 60410892 199.7
41 60410892 200
42 60410892 285.8
43 60410884 290.5
44 60410872 305.8
45 60410872 292.7
47 60410868 305.1
48 60410836 285.9
49 60410836 294.8
50 60410836 305
51 60410836 287.1
52 60411024 302.1
53 60411020 290.8
54 60411020 291.8
55 60411016 254.6
56 60411016 197.9
57 60411016 200
58 60411016 199.6
59 60411012 198.3
60 60411012 200
61 60411012 199.8
62 60411016 200
63 60411012 199.9
65 60409972 200
66 60409972 200
67 60409972 197.3
68 60409972 199.4
69 60409972 199.9
70 60409972 198.7
71 60409972 200
72 60409972 199
73 60409972 199.7
74 60409972 199.9
75 60409968 199.5
76 60409964 196.7
77 60409964 199.9
78 60409944 200
79 60409944 200
80 60409520 198.2
82 60409528 199.5
83 60409384 200
84 60408144 199.3
85 60408076 199.4
86 60345588 197.7
87 60222420 200
88 60067728 200
89 59944840 199.4
90 59820820 200
91 59666192 199
92 59543424 200
93 59420536 197.9
94 59297620 199.9
95 59154316 200
96 59010868 196.6
97 58877744 199.4
98 58754860 199.7
100 58611496 199.6
101 58509144 199.4
102 58355524 199.5
103 58232644 199.7
104 58109544 200
105 57986652 199
106 57843292 200
107 57720392 200
108 57596480 200
109 57463360 197.3
110 57371188 200
111 57268788 200
112 57166388 200
113 57063988 200
114 56971828 200
115 56869428 199.6
116 56764584 196.4
118 56651944 200
119 56549532 199.8
120 56457368 197.3
121 56354968 200
122 56210292 199.8
123 56153036 110.1
124 56030208 192.1
125 55927772 199.9
126 55784408 199.4
127 55651284 199.6
128 55528392 200
129 55415752 197.8
130 55262132 198.9
131 55169968 199.4
132 55016368 198.8
133 54893488 196.7
135 54770608 199
136 54637488 196.6
137 54514604 197.3
138 54391720 200
139 54258600 196
140 54125480 199.1
141 54033320 197.3
142 53930916 198.5
143 53828508 200
144 53726108 196.6
145 53603228 200
146 53500828 197.9
147 53408668 198.8
148 53306244 197
149 53203844 200
150 53105756 197.8
151 53023832 199.5
153 52941920 182.9
154 52819032 194.2
155 52696052 198.7
156 52573172 199.9
157 52450260 198.1
158 52317140 199.6
159 52194192 200
160 52071312 198.7
161 51948420 197.1
162 51805060 200
163 51682180 199.9
164 51559300 198.7
165 51436408 199.9
166 51303096 200
167 51180208 198.2
168 51057316 198.7
169 50934372 200
171 50831852 195.4
172 50729448 198.7
173 50616884 197.8
174 50514480 198.9
175 50422312 197.7
176 50319872 200
177 50217472 196.5
178 50115000 199.2
179 50022840 196.9
180 49920436 199.3
181 49818036 197.4
182 49746340 178.3
183 49664356 181.2
184 49540304 196.8
185 49407184 199.1
186 49284196 198.7
188 49151060 198.8
189 49028044 200
190 48905100 199.8
191 48782124 200
192 48659244 200
193 48526124 199.6
194 48403244 199.2
195 48280300 198.5
196 48136860 196.3
197 48013912 197.8
198 47891032 199.6
199 47768152 198.1
200 47645272 196.2
201 47542872 199
202 47440472 197.4
203 47338072 198.1
204 47245912 196.8
206 47143512 197.8
207 47040088 199.4
208 46927448 199.1
209 46825048 200
210 46721488 199.4
211 46629328 200
212 46526928 200
213 46475916 154.4
214 46353032 199.1
215 46230144 199.2
216 46097020 199.4
217 45974140 198.7
218 45851208 197.6
219 45718084 197.2
220 45584896 198.1
221 45462016 198.6
222 45339136 199.9
224 45216256 196.4
225 45083136 199.5
226 44960256 200
227 44837368 199.5
228 44714480 199.8
229 44591600 199.2
230 44448240 200
231 44345840 199
232 44253680 197.7
233 44151264 199.2
234 44048860 200
235 43946460 199.7
236 43854300 199.8
237 43751900 199.7
238 43649500 195.9
239 43547100 199.7
240 43454892 198.3
242 43342252 197.9
243 43291184 134.2
244 43172400 193.8
245 43035172 196.3
246 42912436 200
247 42789540 197.3
248 42666616 197.9
249 42533488 198.9
250 42410580 197.7
251 42287676 197.7
252 42164788 197.6
253 42021428 196.4
254 41929268 197.5
255 41775668 199
256 41673268 196.7
257 41529896 197.9
259 41427496 198.9
260 41273896 197.4
261 41171496 197.3
262 41079332 195.1
263 40976932 196.6
264 40915492 125.6
265 40863168 163.8
266 40760768 198.4
267 40617408 176.3
268 40463804 186
269 40371644 158.5
270 40269220 151.4
271 40115620 168.5
272 40064572 93.4
273 39921196 158.2
274 39665192 194.1
276 39419428 195.1
277 39163428 197.2
278 38917656 200
279 38630864 182.4
280 38405524 198.7
281 38143220 197.2
282 37887208 176.7
283 37743840 186.7
284 37539036 197.6
285 37334236 200
286 37139676 182
287 36986072 193.6
288 36791508 182.8
289 36689104 135
290 36586696 144
291 36484296 138.3
292 36392136 150.8
294 36279492 172
295 36105408 161.9
296 35900604 172.7
297 35757128 151.2
298 35654404 138.3
299 35459816 198.2
300 35253756 197
301 35100156 174.6
302 34956796 174
303 34905628 45.5
304 34659952 192.6
305 34383456 198.2
306 34158172 199.4
307 33871444 193.9
308 33615404 197.3
309 33349160 195.5
310 33122848 192.3
312 32846344 193.5
313 32621060 197.9
314 32446980 197.5
315 32324084 173.8
316 32221684 131.9
317 32119284 139.9
318 32016880 164.4
319 31924720 149.7
320 31873520 128.5
321 31719916 168.2
322 31576552 177.6
323 31474088 143
324 31361448 182.3
325 31207848 176.8
326 31084968 174.1
327 30941604 173.5
329 30736800 181.7
330 30685600 157.1
331 30593440 127
332 30491040 148.1
333 30491164 23.4
334 30235164 188.5
335 29989392 194.7
336 29743632 195.4
337 29487632 196.1
338 29241868 191.5
339 28975624 196.9
340 28719216 193.5
341 28453380 200
342 28310016 160.7
343 28262584 134.8
344 28160168 133.3
346 28057768 139.6
347 27965452 156.7
348 27914248 137.7
349 27811844 152.3
350 27760644 140.2
351 27658232 132.2
352 27566072 142.7
353 27514872 152
354 27361272 157.8
355 27289592 162.7
356 27207664 134.1
357 27115500 137.2
358 27013084 165.1
359 26962136 138.5
360 26859716 135.5
361 26757316 169.1
362 26665172 122.2
364 26501324 156.9
365 26245320 199.6
366 25979064 194.1
367 25733312 197.7
368 25460888 197.6
369 25235448 195.9
370 24928248 197.6
371 24733348 200
372 24487568 190.3
373 24436300 166.5
374 24333648 134
375 24231180 162.4
376 24118536 160.2
377 23944456 187.2
378 23842052 155.2
379 23739652 132.2
381 23596284 136
382 23545080 127.4
383 23452984 145.3
384 23350540 159.5
385 23248140 169.3
386 23196864 126
387 23104624 131.5
388 23053292 134.8
389 22899556 185.9
390 22744632 178.4
391 22652464 166
392 22601380 133.2
393 22550080 26.5
394 22294048 193.3
395 21997024 198.1
396 21802460 199.3
397 21505492 189.6
399 21290452 192.7
400 21013904 189.3
401 20768144 194.6
402 20512136 200
403 20419968 136.8
404 20317568 142.5
405 20266368 128.1
406 20163932 132.1
407 20020168 195
408 19866568 195.6
409 19661696 194.2
410 19569532 131.3
411 19467068 133.5
412 19364760 145.9
413 19312516 134.6
414 19178276 182.9
415 19055392 163.6
417 18901784 186.9
418 18789140 144.2
419 18676500 160.5
420 18635536 165.1
421 18481924 170.9
422 18277120 197.2
423 18236288 34.5
424 18236244 0.3
425 18236244 0
426 18031484 181.1
427 17785716 189.2
428 17529688 194.2
429 17283924 197.2
430 17027920 196
431 16771912 190.5
432 16515896 193.8
434 16249648 192.7
435 16024364 196.3
436 15829804 196.4
437 15625012 197.5
